data;

param n := 80;
param d := 200;

param : E : c :=
80	80	1000000
80	2	405
80	3	609
80	4	793
80	5	761
80	6	519
80	7	1196
80	8	1077
80	9	805
80	10	1025
80	11	732
80	12	1048
80	13	896
80	14	1063
80	15	1270
80	16	1628
80	17	738
80	18	1375
80	19	953
80	20	1081
80	21	1084
80	22	1511
80	23	2216
80	24	2040
80	25	1815
80	26	1952
80	27	1909
80	28	1456
80	29	1414
80	30	1624
80	31	1586
80	32	1685
80	33	2309
80	34	2549
80	35	2432
80	36	2646
80	37	3036
80	38	2968
80	39	3543
80	40	3986
80	41	4307
80	42	3309
80	43	2862
80	44	2733
80	45	2154
80	46	1894
80	47	1785
80	48	1517
80	49	1631
80	50	1699
80	51	1643
80	52	1113
80	53	934
80	54	1034
80	55	774
80	56	602
80	57	441
80	58	429
80	59	809
80	60	668
80	61	724
80	62	981
80	63	963
80	64	1380
80	65	1241
80	66	1718
80	67	2231
80	68	2060
80	69	1569
80	70	1553
80	71	1355
80	72	1380
80	73	1250
80	74	1271
80	75	1922
80	76	2150
80	77	3112
80	78	1645
80	79	530
80	1	1898
2	80	405
2	2	1000000
2	3	247
2	4	761
2	5	628
2	6	285
2	7	903
2	8	869
2	9	878
2	10	1091
2	11	955
2	12	1182
2	13	501
2	14	657
2	15	871
2	16	1243
2	17	517
2	18	1041
2	19	803
2	20	854
2	21	902
2	22	1324
2	23	1929
2	24	1769
2	25	1482
2	26	1609
2	27	1588
2	28	1108
2	29	1047
2	30	1239
2	31	1211
2	32	1281
2	33	1910
2	34	2148
2	35	2041
2	36	2313
2	37	2695
2	38	2618
2	39	3168
2	40	3652
2	41	4032
2	42	3171
2	43	2727
2	44	2709
2	45	1911
2	46	1674
2	47	1578
2	48	1230
2	49	1326
2	50	1449
2	51	1436
2	52	722
2	53	570
2	54	677
2	55	1045
2	56	965
2	57	675
2	58	435
2	59	776
2	60	581
2	61	319
2	62	592
2	63	559
2	64	1002
2	65	899
2	66	1348
2	67	1877
2	68	1675
2	69	1170
2	70	1148
2	71	950
2	72	982
2	73	850
2	74	887
2	75	1559
2	76	1803
2	77	2815
2	78	1313
2	79	395
2	1	1494
3	80	609
3	2	247
3	3	1000000
3	4	661
3	5	482
3	6	187
3	7	659
3	8	657
3	9	1110
3	10	1317
3	11	1202
3	12	1420
3	13	439
3	14	507
3	15	673
3	16	1019
3	17	670
3	18	1045
3	19	965
3	20	967
3	21	1040
3	22	1442
3	23	1955
3	24	1813
3	25	1470
3	26	1583
3	27	1588
3	28	1089
3	29	1004
3	30	1153
3	31	1148
3	32	1134
3	33	1778
3	34	2008
3	35	1931
3	36	2288
3	37	2657
3	38	2571
3	39	3079
3	40	3618
3	41	4052
3	42	3291
3	43	2852
3	44	2887
3	45	1975
3	46	1760
3	47	1675
3	48	1275
3	49	1349
3	50	1518
3	51	1536
3	52	647
3	53	572
3	54	676
3	55	1292
3	56	1197
3	57	922
3	58	674
3	59	987
3	60	787
3	61	230
3	62	376
3	63	394
3	64	771
3	65	652
3	66	1113
3	67	1635
3	68	1451
3	69	969
3	70	975
3	71	802
3	72	872
3	73	739
3	74	818
3	75	1505
3	76	1767
3	77	2823
3	78	1066
3	79	607
3	1	1339
4	80	793
4	2	761
4	3	661
4	4	1000000
4	5	206
4	6	495
4	7	699
4	8	444
4	9	1566
4	10	1788
4	11	1526
4	12	1834
4	13	1092
4	14	1093
4	15	1147
4	16	1338
4	17	1278
4	18	1704
4	19	1564
4	20	1606
4	21	1662
4	22	2080
4	23	2615
4	24	2475
4	25	2121
4	26	2225
4	27	2242
4	28	1741
4	29	1647
4	30	1762
4	31	1774
4	32	1662
4	33	2303
4	34	2512
4	35	2488
4	36	2926
4	37	3284
4	38	3190
4	39	3651
4	40	4244
4	41	4708
4	42	3930
4	43	3487
4	44	3458
4	45	2636
4	46	2415
4	47	2325
4	48	1937
4	49	2010
4	50	2177
4	51	2184
4	52	1285
4	53	1234
4	54	1337
4	55	1558
4	56	1326
4	57	1234
4	58	1132
4	59	1512
4	60	1327
4	61	890
4	62	877
4	63	984
4	64	1102
4	65	862
4	66	1347
4	67	1751
4	68	1720
4	69	1386
4	70	1465
4	71	1356
4	72	1468
4	73	1344
4	74	1451
4	75	2132
4	76	2403
4	77	3476
4	78	1156
4	79	1144
4	1	1840
5	80	761
5	2	628
5	3	482
5	4	206
5	5	1000000
5	6	343
5	7	537
5	8	330
5	9	1480
5	10	1700
5	11	1483
5	12	1767
5	13	900
5	14	889
5	15	941
5	16	1149
5	17	1132
5	18	1513
5	19	1424
5	20	1445
5	21	1512
5	22	1921
5	23	2424
5	24	2289
5	25	1924
5	26	2025
5	27	2046
5	28	1545
5	29	1448
5	30	1557
5	31	1571
5	32	1456
5	33	2098
5	34	2308
5	35	2281
5	36	2724
5	37	3080
5	38	2985
5	39	3444
5	40	4039
5	41	4512
5	42	3771
5	43	3330
5	44	3337
5	45	2455
5	46	2242
5	47	2157
5	48	1753
5	49	1821
5	50	2000
5	51	2018
5	52	1086
5	53	1049
5	54	1149
5	55	1535
5	56	1340
5	57	1188
5	58	1036
5	59	1401
5	60	1208
5	61	705
5	62	670
5	63	781
5	64	907
5	65	677
5	66	1172
5	67	1608
5	68	1545
5	69	1186
5	70	1260
5	71	1149
5	72	1262
5	73	1140
5	74	1250
5	75	1929
5	76	2201
5	77	3279
5	78	1007
5	79	1022
5	1	1635
6	80	519
6	2	285
6	3	187
6	4	495
6	5	343
6	6	1000000
6	7	678
6	8	596
6	9	1153
6	10	1369
6	11	1192
6	12	1449
6	13	624
6	14	688
6	15	829
6	16	1142
6	17	790
6	18	1226
6	19	1081
6	20	1111
6	21	1172
6	22	1586
6	23	2134
6	24	1987
6	25	1655
6	26	1769
6	27	1771
6	28	1274
6	29	1191
6	30	1340
6	31	1335
6	32	1309
6	33	1955
6	34	2182
6	35	2114
6	36	2474
6	37	2844
6	38	2758
6	39	3265
6	40	3806
6	41	4233
6	42	3436
6	43	2994
6	44	2993
6	45	2143
6	46	1919
6	47	1829
6	48	1447
6	49	1527
6	50	1683
6	51	1689
6	52	835
6	53	749
6	54	855
6	55	1263
6	56	1122
6	57	900
6	58	707
6	59	1061
6	60	866
6	61	414
6	62	527
6	63	574
6	64	890
6	65	726
6	66	1215
6	67	1716
6	68	1569
6	69	1117
6	70	1141
6	71	980
6	72	1057
6	73	925
6	74	1005
6	75	1693
6	76	1954
6	77	3006
6	78	1126
6	79	680
6	1	1510
7	80	1196
7	2	903
7	3	659
7	4	699
7	5	537
7	6	678
7	7	1000000
7	8	280
7	9	1767
7	10	1970
7	11	1856
7	12	2079
7	13	866
7	14	716
7	15	611
7	16	660
7	17	1280
7	18	1408
7	19	1566
7	20	1510
7	21	1610
7	22	1960
7	23	2281
7	24	2182
7	25	1748
7	26	1816
7	27	1880
7	28	1401
7	29	1280
7	30	1300
7	31	1350
7	32	1098
7	33	1701
7	34	1886
7	35	1911
7	36	2477
7	37	2797
7	38	2689
7	39	3067
7	40	3740
7	41	4301
7	42	3768
7	43	3344
7	44	3472
7	45	2376
7	46	2211
7	47	2149
7	48	1685
7	49	1712
7	50	1953
7	51	2022
7	52	957
7	53	1037
7	54	1107
7	55	1936
7	56	1798
7	57	1568
7	58	1334
7	59	1631
7	60	1432
7	61	762
7	62	498
7	63	657
7	64	458
7	65	206
7	66	649
7	67	1073
7	68	1022
7	69	757
7	70	886
7	71	863
7	72	1019
7	73	931
7	74	1082
7	75	1683
7	76	1963
7	77	3071
7	78	472
7	79	1258
7	1	1237
8	80	1077
8	2	869
8	3	657
8	4	444
8	5	330
8	6	596
8	7	280
8	8	1000000
8	9	1746
8	10	1960
8	11	1783
8	12	2045
8	13	984
8	14	890
8	15	847
8	16	940
8	17	1325
8	18	1573
8	19	1619
8	20	1600
8	21	1686
8	22	2068
8	23	2471
8	24	2356
8	25	1947
8	26	2028
8	27	2076
8	28	1583
8	29	1470
8	30	1524
8	31	1561
8	32	1354
8	33	1970
8	34	2161
8	35	2175
8	36	2706
8	37	3039
8	38	2935
8	39	3335
8	40	3989
8	41	4522
8	42	3904
8	43	3472
8	44	3541
8	45	2540
8	46	2353
8	47	2280
8	48	1839
8	49	1883
8	50	2100
8	51	2147
8	52	1122
8	53	1152
8	54	1238
8	55	1845
8	56	1666
8	57	1489
8	58	1300
8	59	1640
8	60	1441
8	61	830
8	62	655
8	63	805
8	64	730
8	65	476
8	66	923
8	67	1307
8	68	1295
8	69	1028
8	70	1144
8	71	1090
8	72	1233
8	73	1130
8	74	1267
8	75	1907
8	76	2186
8	77	3288
8	78	714
8	79	1257
8	1	1505
9	80	805
9	2	878
9	3	1110
9	4	1566
9	5	1480
9	6	1153
9	7	1767
9	8	1746
9	9	1000000
9	10	222
9	11	332
9	12	317
9	13	1058
9	14	1293
9	15	1555
9	16	1963
9	17	579
9	18	1153
9	19	477
9	20	695
9	21	602
9	22	917
9	23	1746
9	24	1549
9	25	1513
9	26	1664
9	27	1558
9	28	1264
9	29	1296
9	30	1555
9	31	1471
9	32	1769
9	33	2273
9	34	2518
9	35	2318
9	36	2270
9	37	2667
9	38	2630
9	39	3293
9	40	3563
9	41	3739
9	42	2564
9	43	2121
9	44	1931
9	45	1594
9	46	1312
9	47	1192
9	48	1135
9	49	1275
9	50	1200
9	51	1069
9	52	1180
9	53	955
9	54	992
9	55	480
9	56	721
9	57	414
9	58	446
9	59	218
9	60	364
9	61	1038
9	62	1362
9	63	1251
9	64	1759
9	65	1726
9	66	2105
9	67	2650
9	68	2372
9	69	1826
9	70	1728
9	71	1501
9	72	1432
9	73	1341
9	74	1264
9	75	1711
9	76	1857
9	77	2617
9	78	2135
9	79	512
9	1	1974
10	80	1025
10	2	1091
10	3	1317
10	4	1788
10	5	1700
10	6	1369
10	7	1970
10	8	1960
10	9	222
10	10	1000000
10	11	447
10	12	196
10	13	1221
10	14	1456
10	15	1718
10	16	2126
10	17	734
10	18	1217
10	19	548
10	20	755
10	21	638
10	22	853
10	23	1695
10	24	1496
10	25	1530
10	26	1680
10	27	1557
10	28	1329
10	29	1380
10	30	1639
10	31	1547
10	32	1883
10	33	2345
10	34	2587
10	35	2368
10	36	2241
10	37	2634
10	38	2608
10	39	3290
10	40	3503
10	41	3626
10	42	2384
10	43	1945
10	44	1717
10	45	1511
10	46	1230
10	47	1110
10	48	1146
10	49	1287
10	50	1159
10	51	1002
10	52	1317
10	53	1099
10	54	1118
10	55	571
10	56	868
10	57	617
10	58	664
10	59	350
10	60	542
10	61	1226
10	62	1547
10	63	1425
10	64	1933
10	65	1918
10	66	2274
10	67	2819
10	68	2523
10	69	1976
10	70	1864
10	71	1638
10	72	1552
10	73	1473
10	74	1378
10	75	1749
10	76	1865
10	77	2540
10	78	2321
10	79	711
10	1	2081
11	80	732
11	2	955
11	3	1202
11	4	1526
11	5	1483
11	6	1192
11	7	1856
11	8	1783
11	9	332
11	10	447
11	11	1000000
11	12	363
11	13	1263
11	14	1491
11	15	1746
11	16	2148
11	17	825
11	18	1458
11	19	796
11	20	1011
11	21	928
11	22	1248
11	23	2079
11	24	1881
11	25	1835
11	26	1986
11	27	1885
11	28	1566
11	29	1584
11	30	1839
11	31	1763
11	32	2023
11	33	2561
11	34	2807
11	35	2621
11	36	2602
11	37	2999
11	38	2961
11	39	3619
11	40	3896
11	41	4060
11	42	2828
11	43	2390
11	44	2118
11	45	1923
11	46	1641
11	47	1520
11	48	1462
11	49	1601
11	50	1533
11	51	1400
11	52	1420
11	53	1193
11	54	1250
11	55	149
11	56	421
11	57	295
11	58	548
11	59	532
11	60	606
11	61	1192
11	62	1514
11	63	1429
11	64	1924
11	65	1851
11	66	2274
11	67	2814
11	68	2570
11	69	2033
11	70	1957
11	71	1731
11	72	1686
11	73	1581
11	74	1526
11	75	2023
11	76	2181
11	77	2948
11	78	2265
11	79	683
11	1	2234
12	80	1048
12	2	1182
12	3	1420
12	4	1834
12	5	1767
12	6	1449
12	7	2079
12	8	2045
12	9	317
12	10	196
12	11	363
12	12	1000000
12	13	1372
12	14	1608
12	15	1870
12	16	2279
12	17	890
12	18	1409
12	19	735
12	20	946
12	21	832
12	22	1042
12	23	1883
12	24	1684
12	25	1727
12	26	1877
12	27	1753
12	28	1521
12	29	1568
12	30	1828
12	31	1737
12	32	2062
12	33	2537
12	34	2780
12	35	2564
12	36	2433
12	37	2825
12	38	2801
12	39	3485
12	40	3686
12	41	3785
12	42	2486
12	43	2054
12	44	1755
12	45	1690
12	46	1410
12	47	1291
12	48	1343
12	49	1484
12	50	1352
12	51	1190
12	52	1485
12	53	1263
12	54	1291
12	55	448
12	56	773
12	57	611
12	58	747
12	59	509
12	60	680
12	61	1355
12	62	1680
12	63	1568
12	64	2076
12	65	2043
12	66	2421
12	67	2966
12	68	2684
12	69	2137
12	70	2033
12	71	1807
12	72	1729
12	73	1644
12	74	1557
12	75	1945
12	76	2062
12	77	2719
12	78	2452
12	79	828
12	1	2264
13	80	896
13	2	501
13	3	439
13	4	1092
13	5	900
13	6	624
13	7	866
13	8	984
13	9	1058
13	10	1221
13	11	1263
13	12	1372
13	13	1000000
13	14	235
13	15	497
13	16	906
13	17	486
13	18	612
13	19	734
13	20	647
13	21	754
13	22	1095
13	23	1524
13	24	1390
13	25	1031
13	26	1144
13	27	1150
13	28	650
13	29	567
13	30	738
13	31	718
13	32	798
13	33	1412
13	34	1653
13	35	1540
13	36	1849
13	37	2221
13	38	2138
13	39	2669
13	40	3182
13	41	3615
13	42	2920
13	43	2490
13	44	2609
13	45	1563
13	46	1369
13	47	1296
13	48	860
13	49	920
13	50	1116
13	51	1165
13	52	221
13	53	171
13	54	254
13	55	1387
13	56	1396
13	57	1039
13	58	724
13	59	870
13	60	693
13	61	210
13	62	371
13	63	220
13	64	715
13	65	748
13	66	1052
13	67	1597
13	68	1315
13	69	772
13	70	698
13	71	478
13	72	483
13	73	354
13	74	389
13	75	1073
13	76	1330
13	77	2385
13	78	1123
13	79	579
13	1	1013
14	80	1063
14	2	657
14	3	507
14	4	1093
14	5	889
14	6	688
14	7	716
14	8	890
14	9	1293
14	10	1456
14	11	1491
14	12	1608
14	13	235
14	14	1000000
14	15	262
14	16	670
14	17	721
14	18	692
14	19	958
14	20	847
14	21	964
14	22	1265
14	23	1580
14	24	1470
14	25	1057
14	26	1145
14	27	1185
14	28	693
14	29	579
14	30	668
14	31	684
14	32	630
14	33	1271
14	34	1503
14	35	1426
14	36	1838
14	37	2191
14	38	2097
14	39	2579
14	40	3150
14	41	3640
14	42	3053
14	43	2631
14	44	2799
14	45	1661
14	46	1496
14	47	1437
14	48	969
14	49	998
14	50	1237
14	51	1315
14	52	241
14	53	374
14	54	412
14	55	1612
14	56	1599
14	57	1257
14	58	947
14	59	1106
14	60	929
14	61	339
14	62	235
14	63	113
14	64	487
14	65	563
14	66	818
14	67	1363
14	68	1081
14	69	541
14	70	491
14	71	296
14	72	375
14	73	250
14	74	377
14	75	1040
14	76	1314
14	77	2405
14	78	907
14	79	809
14	1	839
15	80	1270
15	2	871
15	3	673
15	4	1147
15	5	941
15	6	829
15	7	611
15	8	847
15	9	1555
15	10	1718
15	11	1746
15	12	1870
15	13	497
15	14	262
15	15	1000000
15	16	408
15	17	983
15	18	856
15	19	1214
15	20	1088
15	21	1210
15	22	1479
15	23	1685
15	24	1601
15	25	1149
15	26	1208
15	27	1281
15	28	825
15	29	699
15	30	689
15	31	744
15	32	516
15	33	1156
15	34	1370
15	35	1343
15	36	1866
15	37	2192
15	38	2087
15	39	2507
15	40	3141
15	41	3690
15	42	3219
15	43	2809
15	44	3021
15	45	1805
15	46	1669
15	47	1624
15	48	1140
15	49	1142
15	50	1410
15	51	1512
15	52	449
15	53	629
15	54	647
15	55	1863
15	56	1831
15	57	1503
15	58	1199
15	59	1368
15	60	1191
15	61	566
15	62	301
15	63	320
15	64	249
15	65	415
15	66	559
15	67	1102
15	68	824
15	69	299
15	70	320
15	71	254
15	72	416
15	73	356
15	74	516
15	75	1072
15	76	1352
15	77	2460
15	78	679
15	79	1066
15	1	695
16	80	1628
16	2	1243
16	3	1019
16	4	1338
16	5	1149
16	6	1142
16	7	660
16	8	940
16	9	1963
16	10	2126
16	11	2148
16	12	2279
16	13	906
16	14	670
16	15	408
16	16	1000000
16	17	1391
16	18	1181
16	19	1616
16	20	1477
16	21	1602
16	22	1835
16	23	1904
16	24	1856
16	25	1377
16	26	1396
16	27	1506
16	28	1123
16	29	996
16	30	886
16	31	976
16	32	575
16	33	1078
16	34	1241
16	35	1305
16	36	1974
16	37	2250
16	38	2131
16	39	2440
16	40	3164
16	41	3798
16	42	3496
16	43	3104
16	44	3375
16	45	2070
16	46	1975
16	47	1946
16	48	1459
16	49	1431
16	50	1721
16	51	1848
16	52	834
16	53	1032
16	54	1039
16	55	2261
16	56	2209
16	57	1897
16	58	1599
16	59	1776
16	60	1599
16	61	958
16	62	650
16	63	719
16	64	252
16	65	475
16	66	175
16	67	698
16	68	432
16	69	208
16	70	394
16	71	546
16	72	701
16	73	705
16	74	853
16	75	1230
16	76	1497
16	77	2590
16	78	420
16	79	1471
16	1	637
17	80	738
17	2	517
17	3	670
17	4	1278
17	5	1132
17	6	790
17	7	1280
17	8	1325
17	9	579
17	10	734
17	11	825
17	12	890
17	13	486
17	14	721
17	15	983
17	16	1391
17	17	1000000
17	18	677
17	19	295
17	20	348
17	21	384
17	22	809
17	23	1478
17	24	1302
17	25	1102
17	26	1247
17	27	1185
17	28	775
17	29	771
17	30	1020
17	31	952
17	32	1199
17	33	1741
17	34	1988
17	35	1817
17	36	1924
17	37	2318
17	38	2259
17	39	2871
17	40	3259
17	41	3570
17	42	2653
17	43	2209
17	44	2217
17	45	1422
17	46	1172
17	47	1070
17	48	781
17	49	901
17	50	963
17	51	927
17	52	602
17	53	376
17	54	424
17	55	964
17	56	1056
17	57	667
17	58	366
17	59	384
17	60	221
17	61	518
17	62	823
17	63	693
17	64	1199
17	65	1202
17	66	1539
17	67	2084
17	68	1794
17	69	1247
17	70	1148
17	71	921
17	72	861
17	73	763
17	74	700
17	75	1247
17	76	1447
17	77	2374
17	78	1596
17	79	215
17	1	1409
18	80	1375
18	2	1041
18	3	1045
18	4	1704
18	5	1513
18	6	1226
18	7	1408
18	8	1573
18	9	1153
18	10	1217
18	11	1458
18	12	1409
18	13	612
18	14	692
18	15	856
18	16	1181
18	17	677
18	18	1000000
18	19	679
18	20	463
18	21	580
18	22	664
18	23	911
18	24	783
18	25	441
18	26	577
18	27	547
18	28	111
18	29	196
18	30	434
18	31	333
18	32	739
18	33	1127
18	34	1370
18	35	1164
18	36	1273
18	37	1661
18	38	1593
18	39	2193
18	40	2614
18	41	3007
18	42	2367
18	43	1953
18	44	2195
18	45	969
18	46	813
18	47	770
18	48	284
18	49	310
18	50	553
18	51	666
18	52	452
18	53	478
18	54	370
18	55	1605
18	56	1730
18	57	1340
18	58	1043
18	59	936
18	60	866
18	61	814
18	62	921
18	63	768
18	64	1103
18	65	1244
18	66	1356
18	67	1853
18	68	1480
18	69	980
18	70	810
18	71	638
18	72	480
18	73	499
18	74	340
18	75	571
18	76	775
18	77	1780
18	78	1530
18	79	887
18	1	905
19	80	953
19	2	803
19	3	965
19	4	1564
19	5	1424
19	6	1081
19	7	1566
19	8	1619
19	9	477
19	10	548
19	11	796
19	12	735
19	13	734
19	14	958
19	15	1214
19	16	1616
19	17	295
19	18	679
19	19	1000000
19	20	218
19	21	142
19	22	558
19	23	1320
19	24	1130
19	25	1039
19	26	1190
19	27	1092
19	28	790
19	29	833
19	30	1093
19	31	1003
19	32	1336
19	33	1804
19	34	2048
19	35	1842
19	36	1818
19	37	2216
19	38	2171
19	39	2822
19	40	3132
19	41	3377
19	42	2377
19	43	1931
19	44	1922
19	45	1215
19	46	946
19	47	834
19	48	668
19	49	806
19	50	777
19	51	694
19	52	788
19	53	585
19	54	584
19	55	945
19	56	1124
19	57	744
19	58	528
19	59	264
19	60	288
19	61	804
19	62	1094
19	63	952
19	64	1446
19	65	1475
19	66	1774
19	67	2314
19	68	1997
19	69	1452
19	70	1327
19	71	1105
19	72	1008
19	73	938
19	74	833
19	75	1233
19	76	1385
19	77	2210
19	78	1857
19	79	436
19	1	1533
20	80	1081
20	2	854
20	3	967
20	4	1606
20	5	1445
20	6	1111
20	7	1510
20	8	1600
20	9	695
20	10	755
20	11	1011
20	12	946
20	13	647
20	14	847
20	15	1088
20	16	1477
20	17	348
20	18	463
20	19	218
20	20	1000000
20	21	128
20	22	475
20	23	1143
20	24	961
20	25	825
20	26	976
20	27	885
20	28	575
20	29	627
20	30	885
20	31	791
20	32	1147
20	33	1590
20	34	1833
20	35	1624
20	36	1618
20	37	2016
20	38	1967
20	39	2610
20	40	2943
20	41	3226
20	42	2325
20	43	1885
20	44	1962
20	45	1074
20	46	823
20	47	724
20	48	464
20	49	597
20	50	617
20	51	582
20	52	643
20	53	478
20	54	440
20	55	1160
20	56	1323
20	57	936
20	58	680
20	59	480
20	60	458
20	61	770
20	62	1019
20	63	865
20	64	1331
20	65	1394
20	66	1642
20	67	2174
20	68	1838
20	69	1299
20	70	1160
20	71	946
20	72	830
20	73	779
20	74	654
20	75	1015
20	76	1172
20	77	2039
20	78	1754
20	79	551
20	1	1337
21	80	1084
21	2	902
21	3	1040
21	4	1662
21	5	1512
21	6	1172
21	7	1610
21	8	1686
21	9	602
21	10	638
21	11	928
21	12	832
21	13	754
21	14	964
21	15	1210
21	16	1602
21	17	384
21	18	580
21	19	142
21	20	128
21	21	1000000
21	22	429
21	23	1177
21	24	987
21	25	911
21	26	1062
21	27	957
21	28	691
21	29	751
21	30	1008
21	31	912
21	32	1275
21	33	1707
21	34	1949
21	35	1732
21	36	1679
21	37	2076
21	38	2034
21	39	2691
21	40	2990
21	41	3237
21	42	2269
21	43	1824
21	44	1862
21	45	1076
21	46	810
21	47	700
21	48	533
21	49	673
21	50	635
21	51	559
21	52	767
21	53	591
21	54	563
21	55	1077
21	56	1266
21	57	887
21	58	664
21	59	397
21	60	427
21	61	858
21	62	1125
21	63	974
21	64	1450
21	65	1503
21	66	1765
21	67	2299
21	68	1966
21	69	1426
21	70	1289
21	71	1073
21	72	959
21	73	906
21	74	783
21	75	1116
21	76	1254
21	77	2068
21	78	1871
21	79	559
21	1	1464
22	80	1511
22	2	1324
22	3	1442
22	4	2080
22	5	1921
22	6	1586
22	7	1960
22	8	2068
22	9	917
22	10	853
22	11	1248
22	12	1042
22	13	1095
22	14	1265
22	15	1479
22	16	1835
22	17	809
22	18	664
22	19	558
22	20	475
22	21	429
22	22	1000000
22	23	842
22	24	642
22	25	770
22	26	906
22	27	755
22	28	749
22	29	860
22	30	1072
22	31	962
22	32	1398
22	33	1677
22	34	1900
22	35	1640
22	36	1393
22	37	1783
22	38	1762
22	39	2457
22	40	2653
22	41	2834
22	42	1850
22	43	1410
22	44	1542
22	45	677
22	46	398
22	47	280
22	48	429
22	49	541
22	50	317
22	51	151
22	52	1034
22	53	923
22	54	856
22	55	1392
22	56	1631
22	57	1273
22	58	1086
22	59	761
22	60	846
22	61	1239
22	62	1463
22	63	1305
22	64	1728
22	65	1827
22	66	2008
22	67	2515
22	68	2145
22	69	1638
22	70	1473
22	71	1288
22	72	1139
22	73	1134
22	74	981
22	75	1024
22	76	1066
22	77	1699
22	78	2158
22	79	988
22	1	1548
23	80	2216
23	2	1929
23	3	1955
23	4	2615
23	5	2424
23	6	2134
23	7	2281
23	8	2471
23	9	1746
23	10	1695
23	11	2079
23	12	1883
23	13	1524
23	14	1580
23	15	1685
23	16	1904
23	17	1478
23	18	911
23	19	1320
23	20	1143
23	21	1177
23	22	842
23	23	1000000
23	24	199
23	25	536
23	26	514
23	27	403
23	28	888
23	29	1002
23	30	1021
23	31	944
23	32	1338
23	33	1252
23	34	1405
23	35	1105
23	36	570
23	37	946
23	38	940
23	39	1654
23	40	1817
23	41	2103
23	42	1626
23	43	1289
23	44	1808
23	45	299
23	46	501
23	47	608
23	48	700
23	49	606
23	50	547
23	51	693
23	52	1350
23	53	1384
23	54	1279
23	55	2226
23	56	2441
23	57	2065
23	58	1823
23	59	1566
23	60	1597
23	61	1725
23	62	1815
23	63	1668
23	64	1910
23	65	2098
23	66	2075
23	67	2473
23	68	2062
23	69	1697
23	70	1512
23	71	1434
23	72	1269
23	73	1349
23	74	1203
23	75	693
23	76	495
23	77	896
23	78	2309
23	79	1690
23	1	1374
24	80	2040
24	2	1769
24	3	1813
24	4	2475
24	5	2289
24	6	1987
24	7	2182
24	8	2356
24	9	1549
24	10	1496
24	11	1881
24	12	1684
24	13	1390
24	14	1470
24	15	1601
24	16	1856
24	17	1302
24	18	783
24	19	1130
24	20	961
24	21	987
24	22	642
24	23	199
24	24	1000000
24	25	484
24	26	519
24	27	364
24	28	780
24	29	903
24	30	971
24	31	880
24	32	1306
24	33	1318
24	34	1496
24	35	1202
24	36	762
24	37	1144
24	38	1133
24	39	1841
24	40	2014
24	41	2268
24	42	1642
24	43	1267
24	44	1709
24	45	219
24	46	317
24	47	415
24	48	540
24	49	473
24	50	352
24	51	494
24	52	1233
24	53	1240
24	54	1139
24	55	2028
24	56	2247
24	57	1874
24	58	1640
24	59	1371
24	60	1410
24	61	1585
24	62	1702
24	63	1551
24	64	1835
24	65	2007
24	66	2030
24	67	2459
24	68	2053
24	69	1647
24	70	1462
24	71	1356
24	72	1188
24	73	1253
24	74	1099
24	75	700
24	76	575
24	77	1080
24	78	2247
24	79	1512
24	1	1373
25	80	1815
25	2	1482
25	3	1470
25	4	2121
25	5	1924
25	6	1655
25	7	1748
25	8	1947
25	9	1513
25	10	1530
25	11	1835
25	12	1727
25	13	1031
25	14	1057
25	15	1149
25	16	1377
25	17	1102
25	18	441
25	19	1039
25	20	825
25	21	911
25	22	770
25	23	536
25	24	484
25	25	1000000
25	26	150
25	27	132
25	28	381
25	29	478
25	30	490
25	31	408
25	32	822
25	33	919
25	34	1133
25	35	869
25	36	831
25	37	1220
25	38	1156
25	39	1784
25	40	2172
25	41	2588
25	42	2125
25	43	1749
25	44	2140
25	45	702
25	46	680
25	47	706
25	48	384
25	49	244
25	50	487
25	51	682
25	52	838
25	53	914
25	54	806
25	55	1985
25	56	2142
25	57	1752
25	58	1468
25	59	1303
25	60	1272
25	61	1240
25	62	1292
25	63	1152
25	64	1373
25	65	1562
25	66	1549
25	67	1976
25	68	1570
25	69	1168
25	70	983
25	71	897
25	72	733
25	73	818
25	74	680
25	75	260
25	76	347
25	77	1355
25	78	1775
25	79	1317
25	1	897
26	80	1952
26	2	1609
26	3	1583
26	4	2225
26	5	2025
26	6	1769
26	7	1816
26	8	2028
26	9	1664
26	10	1680
26	11	1986
26	12	1877
26	13	1144
26	14	1145
26	15	1208
26	16	1396
26	17	1247
26	18	577
26	19	1190
26	20	976
26	21	1062
26	22	906
26	23	514
26	24	519
26	25	150
26	26	1000000
26	27	169
26	28	501
26	29	579
26	30	523
26	31	467
26	32	826
26	33	814
26	34	1014
26	35	739
26	36	705
26	37	1086
26	38	1015
26	39	1634
26	40	2043
26	41	2495
26	42	2136
26	43	1780
26	44	2217
26	45	735
26	46	767
26	47	812
26	48	533
26	49	393
26	50	608
26	51	805
26	52	940
26	53	1038
26	54	931
26	55	2135
26	56	2290
26	57	1900
26	58	1613
26	59	1454
26	60	1420
26	61	1354
26	62	1379
26	63	1247
26	64	1419
26	65	1624
26	66	1564
26	67	1960
26	68	1549
26	69	1191
26	70	1007
26	71	954
26	72	797
26	73	899
26	74	775
26	75	182
26	76	199
26	77	1260
26	78	1806
26	79	1460
26	1	864
27	80	1909
27	2	1588
27	3	1588
27	4	2242
27	5	2046
27	6	1771
27	7	1880
27	8	2076
27	9	1558
27	10	1557
27	11	1885
27	12	1753
27	13	1150
27	14	1185
27	15	1281
27	16	1506
27	17	1185
27	18	547
27	19	1092
27	20	885
27	21	957
27	22	755
27	23	403
27	24	364
27	25	132
27	26	169
27	27	1000000
27	28	501
27	29	606
27	30	620
27	31	541
27	32	947
27	33	983
27	34	1182
27	35	903
27	36	739
27	37	1134
27	38	1081
27	39	1736
27	40	2076
27	41	2465
27	42	2000
27	43	1632
27	44	2050
27	45	583
27	46	598
27	47	644
27	48	424
27	49	288
27	50	447
27	51	645
27	52	963
27	53	1025
27	54	917
27	55	2035
27	56	2208
27	57	1821
27	58	1547
27	59	1354
27	60	1341
27	61	1357
27	62	1421
27	63	1279
27	64	1506
27	65	1695
27	66	1678
27	67	2097
27	68	1689
27	69	1299
27	70	1113
27	71	1030
27	72	865
27	73	949
27	74	808
27	75	340
27	76	312
27	77	1235
27	78	1907
27	79	1400
27	1	1009
28	80	1456
28	2	1108
28	3	1089
28	4	1741
28	5	1545
28	6	1274
28	7	1401
28	8	1583
28	9	1264
28	10	1329
28	11	1566
28	12	1521
28	13	650
28	14	693
28	15	825
28	16	1123
28	17	775
28	18	111
28	19	790
28	20	575
28	21	691
28	22	749
28	23	888
28	24	780
28	25	381
28	26	501
28	27	501
28	28	1000000
28	29	128
28	30	329
28	31	224
28	32	649
28	33	1016
28	34	1258
28	35	1055
28	36	1206
28	37	1587
28	38	1513
28	39	2098
28	40	2544
28	41	2966
28	42	2394
28	43	1989
28	44	2265
28	45	979
28	46	853
28	47	824
28	48	339
28	49	316
28	50	597
28	51	734
28	52	463
28	53	537
28	54	430
28	55	1712
28	56	1831
28	57	1441
28	58	1139
28	59	1046
28	60	970
28	61	859
28	62	927
28	63	781
28	64	1067
28	65	1227
28	66	1299
28	67	1782
28	68	1400
28	69	917
28	70	741
28	71	591
28	72	425
28	73	473
28	74	319
28	75	472
28	76	696
28	77	1735
28	78	1489
28	79	982
28	1	804
29	80	1414
29	2	1047
29	3	1004
29	4	1647
29	5	1448
29	6	1191
29	7	1280
29	8	1470
29	9	1296
29	10	1380
29	11	1584
29	12	1568
29	13	567
29	14	579
29	15	699
29	16	996
29	17	771
29	18	196
29	19	833
29	20	627
29	21	751
29	22	860
29	23	1002
29	24	903
29	25	478
29	26	579
29	27	606
29	28	128
29	29	1000000
29	30	259
29	31	180
29	32	543
29	33	978
29	34	1223
29	35	1046
29	36	1283
29	37	1655
29	38	1573
29	39	2130
29	40	2615
29	41	3065
29	42	2522
29	43	2117
29	44	2386
29	45	1105
29	46	981
29	47	950
29	48	462
29	49	444
29	50	724
29	51	855
29	52	362
29	53	480
29	54	380
29	55	1728
29	56	1823
29	57	1437
29	58	1126
29	59	1077
29	60	980
29	61	777
29	62	814
29	63	673
29	64	939
29	65	1103
29	66	1172
29	67	1660
29	68	1285
29	69	792
29	70	618
29	71	463
29	72	297
29	73	349
29	74	202
29	75	511
29	76	763
29	77	1832
29	78	1361
29	79	966
29	1	716
30	80	1624
30	2	1239
30	3	1153
30	4	1762
30	5	1557
30	6	1340
30	7	1300
30	8	1524
30	9	1555
30	10	1639
30	11	1839
30	12	1828
30	13	738
30	14	668
30	15	689
30	16	886
30	17	1020
30	18	434
30	19	1093
30	20	885
30	21	1008
30	22	1072
30	23	1021
30	24	971
30	25	490
30	26	523
30	27	620
30	28	329
30	29	259
30	30	1000000
30	31	109
30	32	344
30	33	721
30	34	968
30	35	810
30	36	1181
30	37	1524
30	38	1428
30	39	1931
30	40	2482
30	41	3001
30	42	2613
30	43	2229
30	44	2564
30	45	1187
30	46	1120
30	47	1112
30	48	647
30	49	577
30	50	880
30	51	1040
30	52	517
30	53	696
30	54	609
30	55	1982
30	56	2065
30	57	1682
30	58	1367
30	59	1337
30	60	1233
30	61	941
30	62	891
30	63	779
30	64	896
30	65	1104
30	66	1059
30	67	1500
30	68	1104
30	69	678
30	70	493
30	71	436
30	72	295
30	73	418
30	74	352
30	75	383
30	76	663
30	77	1770
30	78	1288
30	79	1207
30	1	476
31	80	1586
31	2	1211
31	3	1148
31	4	1774
31	5	1571
31	6	1335
31	7	1350
31	8	1561
31	9	1471
31	10	1547
31	11	1763
31	12	1737
31	13	718
31	14	684
31	15	744
31	16	976
31	17	952
31	18	333
31	19	1003
31	20	791
31	21	912
31	22	962
31	23	944
31	24	880
31	25	408
31	26	467
31	27	541
31	28	224
31	29	180
31	30	109
31	31	1000000
31	32	449
31	33	801
31	34	1046
31	35	865
31	36	1153
31	37	1511
31	38	1423
31	39	1958
31	40	2472
31	41	2960
31	42	2520
31	43	2132
31	44	2456
31	45	1094
31	46	1015
31	47	1005
31	48	538
31	49	471
31	50	772
31	51	931
31	52	501
31	53	652
31	54	556
31	55	1907
31	56	2004
31	57	1618
31	58	1307
31	59	1252
31	60	1160
31	61	927
31	62	915
31	63	790
31	64	965
31	65	1159
31	66	1150
31	67	1603
31	68	1210
31	69	767
31	70	582
31	71	491
31	72	330
31	73	434
31	74	330
31	75	358
31	76	630
31	77	1726
31	78	1368
31	79	1147
31	1	585
32	80	1685
32	2	1281
32	3	1134
32	4	1662
32	5	1456
32	6	1309
32	7	1098
32	8	1354
32	9	1769
32	10	1883
32	11	2023
32	12	2062
32	13	798
32	14	630
32	15	516
32	16	575
32	17	1199
32	18	739
32	19	1336
32	20	1147
32	21	1275
32	22	1398
32	23	1338
32	24	1306
32	25	822
32	26	826
32	27	947
32	28	649
32	29	543
32	30	344
32	31	449
32	32	1000000
32	33	647
32	34	873
32	35	827
32	36	1407
32	37	1704
32	38	1593
32	39	1990
32	40	2642
32	41	3235
32	42	2947
32	43	2569
32	44	2905
32	45	1524
32	46	1464
32	47	1455
32	48	982
32	49	920
32	50	1222
32	51	1377
32	52	606
32	53	830
32	54	776
32	55	2157
32	56	2192
32	57	1826
32	58	1507
32	59	1556
32	60	1421
32	61	962
32	62	795
32	63	739
32	64	651
32	65	893
32	66	739
32	67	1157
32	68	760
32	69	378
32	70	213
32	71	333
32	72	337
32	73	448
32	74	505
32	75	655
32	76	921
32	77	2020
32	78	992
32	79	1352
32	1	215
33	80	2309
33	2	1910
33	3	1778
33	4	2303
33	5	2098
33	6	1955
33	7	1701
33	8	1970
33	9	2273
33	10	2345
33	11	2561
33	12	2537
33	13	1412
33	14	1271
33	15	1156
33	16	1078
33	17	1741
33	18	1127
33	19	1804
33	20	1590
33	21	1707
33	22	1677
33	23	1252
33	24	1318
33	25	919
33	26	814
33	27	983
33	28	1016
33	29	978
33	30	721
33	31	801
33	32	647
33	33	1000000
33	34	246
33	35	242
33	36	1048
33	37	1229
33	38	1100
33	39	1366
33	40	2099
33	41	2798
33	42	2851
33	43	2540
33	44	3027
33	45	1523
33	46	1582
33	47	1622
33	48	1256
33	49	1136
33	50	1406
33	51	1599
33	52	1199
33	53	1404
33	54	1325
33	55	2704
33	56	2780
33	57	2400
33	58	2083
33	59	2054
33	60	1955
33	61	1595
33	62	1442
33	63	1383
33	64	1243
33	65	1496
33	66	1191
33	67	1387
33	68	993
33	69	944
33	70	837
33	71	975
33	72	929
33	73	1059
33	74	1055
33	75	659
33	76	756
33	77	1656
33	78	1480
33	79	1924
33	1	465
34	80	2549
34	2	2148
34	3	2008
34	4	2512
34	5	2308
34	6	2182
34	7	1886
34	8	2161
34	9	2518
34	10	2587
34	11	2807
34	12	2780
34	13	1653
34	14	1503
34	15	1370
34	16	1241
34	17	1988
34	18	1370
34	19	2048
34	20	1833
34	21	1949
34	22	1900
34	23	1405
34	24	1496
34	25	1133
34	26	1014
34	27	1182
34	28	1258
34	29	1223
34	30	968
34	31	1046
34	32	873
34	33	246
34	34	1000000
34	35	300
34	36	1106
34	37	1207
34	38	1074
34	39	1208
34	40	2006
34	41	2762
34	42	2963
34	43	2678
34	44	3204
34	45	1690
34	46	1776
34	47	1827
34	48	1485
34	49	1360
34	50	1619
34	51	1814
34	52	1442
34	53	1649
34	54	1571
34	55	2950
34	56	3025
34	57	2646
34	58	2329
34	59	2299
34	60	2202
34	61	1831
34	62	1663
34	63	1613
34	64	1431
34	65	1685
34	66	1330
34	67	1438
34	68	1076
34	69	1133
34	70	1050
34	71	1206
34	72	1170
34	73	1299
34	74	1300
34	75	875
34	76	922
34	77	1682
34	78	1620
34	79	2170
34	1	675
35	80	2432
35	2	2041
35	3	1931
35	4	2488
35	5	2281
35	6	2114
35	7	1911
35	8	2175
35	9	2318
35	10	2368
35	11	2621
35	12	2564
35	13	1540
35	14	1426
35	15	1343
35	16	1305
35	17	1817
35	18	1164
35	19	1842
35	20	1624
35	21	1732
35	22	1640
35	23	1105
35	24	1202
35	25	869
35	26	739
35	27	903
35	28	1055
35	29	1046
35	30	810
35	31	865
35	32	827
35	33	242
35	34	300
35	35	1000000
35	36	827
35	37	987
35	38	858
35	39	1163
35	40	1862
35	41	2556
35	42	2667
35	43	2378
35	44	2907
35	45	1392
35	46	1490
35	47	1547
35	48	1240
35	49	1107
35	50	1347
35	51	1545
35	52	1320
35	53	1507
35	54	1417
35	55	2767
35	56	2870
35	57	2484
35	58	2172
35	59	2100
35	60	2022
35	61	1734
35	62	1616
35	63	1539
35	64	1454
35	65	1705
35	66	1426
35	67	1628
35	68	1235
35	69	1157
35	70	1032
35	71	1138
35	72	1063
35	73	1196
35	74	1161
35	75	623
35	76	627
35	77	1425
35	78	1713
35	79	2012
35	1	675
36	80	2646
36	2	2313
36	3	2288
36	4	2926
36	5	2724
36	6	2474
36	7	2477
36	8	2706
36	9	2270
36	10	2241
36	11	2602
36	12	2433
36	13	1849
36	14	1838
36	15	1866
36	16	1974
36	17	1924
36	18	1273
36	19	1818
36	20	1618
36	21	1679
36	22	1393
36	23	570
36	24	762
36	25	831
36	26	705
36	27	739
36	28	1206
36	29	1283
36	30	1181
36	31	1153
36	32	1407
36	33	1048
36	34	1106
36	35	827
36	36	1000000
36	37	398
36	38	371
36	39	1084
36	40	1340
36	41	1829
36	42	1880
36	43	1646
36	44	2278
36	45	845
36	46	1071
36	47	1176
36	48	1154
36	49	1024
36	50	1081
36	51	1250
36	52	1643
36	53	1743
36	54	1636
36	55	2751
36	56	2941
36	57	2555
36	58	2286
36	59	2076
36	60	2076
36	61	2060
36	62	2068
36	63	1943
36	64	2050
36	65	2276
36	66	2124
36	67	2418
36	68	2010
36	69	1785
36	70	1615
36	71	1616
36	72	1474
36	73	1587
36	74	1475
36	75	799
36	76	523
36	77	621
36	78	2394
36	79	2139
36	1	1354
37	80	3036
37	2	2695
37	3	2657
37	4	3284
37	5	3080
37	6	2844
37	7	2797
37	8	3039
37	9	2667
37	10	2634
37	11	2999
37	12	2825
37	13	2221
37	14	2191
37	15	2192
37	16	2250
37	17	2318
37	18	1661
37	19	2216
37	20	2016
37	21	2076
37	22	1783
37	23	946
37	24	1144
37	25	1220
37	26	1086
37	27	1134
37	28	1587
37	29	1655
37	30	1524
37	31	1511
37	32	1704
37	33	1229
37	34	1207
37	35	987
37	36	398
37	37	1000000
37	38	132
37	39	756
37	40	961
37	41	1569
37	42	1987
37	43	1834
37	44	2529
37	45	1195
37	46	1444
37	47	1554
37	48	1552
37	49	1421
37	50	1474
37	51	1638
37	52	2009
37	53	2124
37	54	2017
37	55	3148
37	56	3339
37	57	2953
37	58	2681
37	59	2474
37	60	2473
37	61	2432
37	62	2415
37	63	2299
37	64	2356
37	65	2593
37	66	2387
37	67	2615
37	68	2222
37	69	2075
37	70	1917
37	71	1949
37	72	1819
37	73	1940
37	74	1839
37	75	1152
37	76	892
37	77	530
37	78	2668
37	79	2534
37	1	1614
38	80	2968
38	2	2618
38	3	2571
38	4	3190
38	5	2985
38	6	2758
38	7	2689
38	8	2935
38	9	2630
38	10	2608
38	11	2961
38	12	2801
38	13	2138
38	14	2097
38	15	2087
38	16	2131
38	17	2259
38	18	1593
38	19	2171
38	20	1967
38	21	2034
38	22	1762
38	23	940
38	24	1133
38	25	1156
38	26	1015
38	27	1081
38	28	1513
38	29	1573
38	30	1428
38	31	1423
38	32	1593
38	33	1100
38	34	1074
38	35	858
38	36	371
38	37	132
38	38	1000000
38	39	719
38	40	1055
38	41	1698
38	42	2087
38	43	1913
38	44	2590
38	45	1207
38	46	1442
38	47	1547
38	48	1504
38	49	1369
38	50	1449
38	51	1621
38	52	1923
38	53	2048
38	54	1942
38	55	3110
38	56	3290
38	57	2902
38	58	2624
38	59	2432
38	60	2422
38	61	2348
38	62	2318
38	63	2207
38	64	2244
38	65	2484
38	66	2266
38	67	2485
38	68	2094
38	69	1961
38	70	1806
38	71	1848
38	72	1723
38	73	1846
38	74	1753
38	75	1065
38	76	817
38	77	650
38	78	2548
38	79	2473
38	1	1494
39	80	3543
39	2	3168
39	3	3079
39	4	3651
39	5	3444
39	6	3265
39	7	3067
39	8	3335
39	9	3293
39	10	3290
39	11	3619
39	12	3485
39	13	2669
39	14	2579
39	15	2507
39	16	2440
39	17	2871
39	18	2193
39	19	2822
39	20	2610
39	21	2691
39	22	2457
39	23	1654
39	24	1841
39	25	1784
39	26	1634
39	27	1736
39	28	2098
39	29	2130
39	30	1931
39	31	1958
39	32	1990
39	33	1366
39	34	1208
39	35	1163
39	36	1084
39	37	756
39	38	719
39	39	1000000
39	40	916
39	41	1819
39	42	2685
39	43	2575
39	44	3283
39	45	1926
39	46	2155
39	47	2257
39	48	2158
39	49	2018
39	50	2140
39	51	2321
39	52	2448
39	53	2610
39	54	2510
39	55	3768
39	56	3922
39	57	3531
39	58	3236
39	59	3086
39	60	3053
39	61	2872
39	62	2777
39	63	2692
39	64	2609
39	65	2862
39	66	2537
39	67	2610
39	68	2276
39	69	2311
39	70	2194
39	71	2298
39	72	2207
39	73	2339
39	74	2281
39	75	1626
39	76	1437
39	77	1210
39	78	2827
39	79	3080
39	1	1830
40	80	3986
40	2	3652
40	3	3618
40	4	4244
40	5	4039
40	6	3806
40	7	3740
40	8	3989
40	9	3563
40	10	3503
40	11	3896
40	12	3686
40	13	3182
40	14	3150
40	15	3141
40	16	3164
40	17	3259
40	18	2614
40	19	3132
40	20	2943
40	21	2990
40	22	2653
40	23	1817
40	24	2014
40	25	2172
40	26	2043
40	27	2076
40	28	2544
40	29	2615
40	30	2482
40	31	2472
40	32	2642
40	33	2099
40	34	2006
40	35	1862
40	36	1340
40	37	961
40	38	1055
40	39	916
40	40	1000000
40	41	933
40	42	2212
40	43	2254
40	44	3020
40	45	1998
40	46	2275
40	47	2394
40	48	2482
40	49	2358
40	50	2364
40	51	2502
40	52	2971
40	53	3082
40	54	2975
40	55	4042
40	56	4256
40	57	3876
40	58	3618
40	59	3382
40	60	3401
40	61	3393
40	62	3373
40	63	3260
40	64	3292
40	65	3535
40	66	3288
40	67	3443
40	68	3077
40	69	3003
40	70	2855
40	71	2903
40	72	2777
40	73	2900
40	74	2801
40	75	2114
40	76	1852
40	77	982
40	78	3575
40	79	3475
40	1	2528
41	80	4307
41	2	4032
41	3	4052
41	4	4708
41	5	4512
41	6	4233
41	7	4301
41	8	4522
41	9	3739
41	10	3626
41	11	4060
41	12	3785
41	13	3615
41	14	3640
41	15	3690
41	16	3798
41	17	3570
41	18	3007
41	19	3377
41	20	3226
41	21	3237
41	22	2834
41	23	2103
41	24	2268
41	25	2588
41	26	2495
41	27	2465
41	28	2966
41	29	3065
41	30	3001
41	31	2960
41	32	3235
41	33	2798
41	34	2762
41	35	2556
41	36	1829
41	37	1569
41	38	1698
41	39	1819
41	40	933
41	41	1000000
41	42	1731
41	43	1950
41	44	2690
41	45	2161
41	46	2436
41	47	2553
41	48	2802
41	49	2708
41	50	2609
41	51	2687
41	52	3426
41	53	3483
41	54	3377
41	55	4195
41	56	4459
41	57	4107
41	58	3900
41	59	3595
41	60	3664
41	61	3821
41	62	3874
41	63	3739
41	64	3879
41	65	4103
41	66	3943
41	67	4183
41	68	3791
41	69	3613
41	70	3444
41	71	3438
41	72	3289
41	73	3394
41	74	3266
41	75	2618
41	76	2338
41	77	1234
41	78	4218
41	79	3778
41	1	3169
42	80	3309
42	2	3171
42	3	3291
42	4	3930
42	5	3771
42	6	3436
42	7	3768
42	8	3904
42	9	2564
42	10	2384
42	11	2828
42	12	2486
42	13	2920
42	14	3053
42	15	3219
42	16	3496
42	17	2653
42	18	2367
42	19	2377
42	20	2325
42	21	2269
42	22	1850
42	23	1626
42	24	1642
42	25	2125
42	26	2136
42	27	2000
42	28	2394
42	29	2522
42	30	2613
42	31	2520
42	32	2947
42	33	2851
42	34	2963
42	35	2667
42	36	1880
42	37	1987
42	38	2087
42	39	2685
42	40	2212
42	41	1731
42	42	1000000
42	43	447
42	44	994
42	45	1426
42	46	1557
42	47	1624
42	48	2085
42	49	2077
42	50	1816
42	51	1758
42	52	2811
42	53	2752
42	54	2668
42	55	2933
42	56	3249
42	57	2977
42	58	2880
42	59	2502
42	60	2646
42	61	3083
42	62	3273
42	63	3114
42	64	3461
42	65	3610
42	66	3671
42	67	4096
42	68	3686
42	69	3288
42	70	3103
42	71	2984
42	72	2816
42	73	2864
42	74	2705
42	75	2318
42	76	2111
42	77	1478
42	78	3881
42	79	2813
42	1	3000
43	80	2862
43	2	2727
43	3	2852
43	4	3487
43	5	3330
43	6	2994
43	7	3344
43	8	3472
43	9	2121
43	10	1945
43	11	2390
43	12	2054
43	13	2490
43	14	2631
43	15	2809
43	16	3104
43	17	2209
43	18	1953
43	19	1931
43	20	1885
43	21	1824
43	22	1410
43	23	1289
43	24	1267
43	25	1749
43	26	1780
43	27	1632
43	28	1989
43	29	2117
43	30	2229
43	31	2132
43	32	2569
43	33	2540
43	34	2678
43	35	2378
43	36	1646
43	37	1834
43	38	1913
43	39	2575
43	40	2254
43	41	1950
43	42	447
43	43	1000000
43	44	769
43	45	1048
43	46	1139
43	47	1195
43	48	1668
43	49	1675
43	50	1399
43	51	1325
43	52	2391
43	53	2320
43	54	2240
43	55	2500
43	56	2812
43	57	2533
43	58	2433
43	59	2055
43	60	2200
43	61	2646
43	62	2847
43	63	2688
43	64	3054
43	65	3192
43	66	3280
43	67	3725
43	68	3320
43	69	2896
43	70	2713
43	71	2580
43	72	2414
43	73	2452
43	74	2292
43	75	1963
43	76	1785
43	77	1380
43	78	3478
43	79	2366
43	1	2641
44	80	2733
44	2	2709
44	3	2887
44	4	3458
44	5	3337
44	6	2993
44	7	3472
44	8	3541
44	9	1931
44	10	1717
44	11	2118
44	12	1755
44	13	2609
44	14	2799
44	15	3021
44	16	3375
44	17	2217
44	18	2195
44	19	1922
44	20	1962
44	21	1862
44	22	1542
44	23	1808
44	24	1709
44	25	2140
44	26	2217
44	27	2050
44	28	2265
44	29	2386
44	30	2564
44	31	2456
44	32	2905
44	33	3027
44	34	3204
44	35	2907
44	36	2278
44	37	2529
44	38	2590
44	39	3283
44	40	3020
44	41	2690
44	42	994
44	43	769
44	44	1000000
44	45	1515
44	46	1460
44	47	1451
44	48	1926
44	49	1987
44	50	1684
44	51	1531
44	52	2574
44	53	2440
44	54	2387
44	55	2191
44	56	2524
44	57	2334
44	58	2333
44	59	1947
44	60	2131
44	61	2719
44	62	2981
44	63	2827
44	64	3269
44	65	3355
44	66	3549
44	67	4047
44	68	3664
44	69	3175
44	70	3004
44	71	2829
44	72	2675
44	73	2676
44	74	2522
44	75	2389
44	76	2282
44	77	2119
44	78	3699
44	79	2316
44	1	3024
45	80	2154
45	2	1911
45	3	1975
45	4	2636
45	5	2455
45	6	2143
45	7	2376
45	8	2540
45	9	1594
45	10	1511
45	11	1923
45	12	1690
45	13	1563
45	14	1661
45	15	1805
45	16	2070
45	17	1422
45	18	969
45	19	1215
45	20	1074
45	21	1076
45	22	677
45	23	299
45	24	219
45	25	702
45	26	735
45	27	583
45	28	979
45	29	1105
45	30	1187
45	31	1094
45	32	1524
45	33	1523
45	34	1690
45	35	1392
45	36	845
45	37	1195
45	38	1207
45	39	1926
45	40	1998
45	41	2161
45	42	1426
45	43	1048
45	44	1515
45	45	1000000
45	46	281
45	47	402
45	48	703
45	49	664
45	50	462
45	51	528
45	52	1421
45	53	1406
45	54	1309
45	55	2065
45	56	2308
45	57	1948
45	58	1740
45	59	1436
45	60	1503
45	61	1750
45	62	1890
45	63	1736
45	64	2043
45	65	2206
45	66	2245
45	67	2678
45	68	2272
45	69	1862
45	70	1677
45	71	1563
45	72	1395
45	73	1453
45	74	1297
45	75	917
45	76	770
45	77	1029
45	78	2458
45	79	1624
45	1	1592
46	80	1894
46	2	1674
46	3	1760
46	4	2415
46	5	2242
46	6	1919
46	7	2211
46	8	2353
46	9	1312
46	10	1230
46	11	1641
46	12	1410
46	13	1369
46	14	1496
46	15	1669
46	16	1975
46	17	1172
46	18	813
46	19	946
46	20	823
46	21	810
46	22	398
46	23	501
46	24	317
46	25	680
46	26	767
46	27	598
46	28	853
46	29	981
46	30	1120
46	31	1015
46	32	1464
46	33	1582
46	34	1776
46	35	1490
46	36	1071
46	37	1444
46	38	1442
46	39	2155
46	40	2275
46	41	2436
46	42	1557
46	43	1139
46	44	1460
46	45	281
46	46	1000000
46	47	120
46	48	529
46	49	546
46	50	260
46	51	252
46	52	1254
46	53	1203
46	54	1115
46	55	1783
46	56	2028
46	57	1671
46	58	1474
46	59	1159
46	60	1235
46	61	1542
46	62	1716
46	63	1558
46	64	1915
46	65	2054
46	66	2151
46	67	2619
46	68	2224
46	69	1768
46	70	1588
46	71	1443
46	72	1278
46	73	1313
46	74	1153
46	75	932
46	76	867
46	77	1310
46	78	2341
46	79	1365
46	1	1567
47	80	1785
47	2	1578
47	3	1675
47	4	2325
47	5	2157
47	6	1829
47	7	2149
47	8	2280
47	9	1192
47	10	1110
47	11	1520
47	12	1291
47	13	1296
47	14	1437
47	15	1624
47	16	1946
47	17	1070
47	18	770
47	19	834
47	20	724
47	21	700
47	22	280
47	23	608
47	24	415
47	25	706
47	26	812
47	27	644
47	28	824
47	29	950
47	30	1112
47	31	1005
47	32	1455
47	33	1622
47	34	1827
47	35	1547
47	36	1176
47	37	1554
47	38	1547
47	39	2257
47	40	2394
47	41	2553
47	42	1624
47	43	1195
47	44	1451
47	45	402
47	46	120
47	47	1000000
47	48	488
47	49	535
47	50	232
47	51	142
47	52	1197
47	53	1128
47	54	1045
47	55	1662
47	56	1909
47	57	1554
47	58	1363
47	59	1041
47	60	1123
47	61	1461
47	62	1651
47	63	1493
47	64	1872
47	65	1999
47	66	2122
47	67	2604
47	68	2215
47	69	1742
47	70	1565
47	71	1407
47	72	1246
47	73	1268
47	74	1109
47	75	965
47	76	933
47	77	1431
47	78	2300
47	79	1258
47	1	1573
48	80	1517
48	2	1230
48	3	1275
48	4	1937
48	5	1753
48	6	1447
48	7	1685
48	8	1839
48	9	1135
48	10	1146
48	11	1462
48	12	1343
48	13	860
48	14	969
48	15	1140
48	16	1459
48	17	781
48	18	284
48	19	668
48	20	464
48	21	533
48	22	429
48	23	700
48	24	540
48	25	384
48	26	533
48	27	424
48	28	339
48	29	462
48	30	647
48	31	538
48	32	982
48	33	1256
48	34	1485
48	35	1240
48	36	1154
48	37	1552
48	38	1504
48	39	2158
48	40	2482
48	41	2802
48	42	2085
48	43	1668
48	44	1926
48	45	703
48	46	529
48	47	488
48	48	1000000
48	49	141
48	50	269
48	51	395
48	52	727
48	53	704
48	54	606
48	55	1611
48	56	1787
48	57	1400
48	58	1136
48	59	930
48	60	921
48	61	1048
48	62	1193
48	63	1037
48	64	1387
48	65	1525
48	66	1634
48	67	2121
48	68	1738
48	69	1255
48	70	1080
48	71	919
48	72	758
48	73	784
48	74	624
48	75	616
48	76	722
48	77	1595
48	78	1814
48	79	996
48	1	1122
49	80	1631
49	2	1326
49	3	1349
49	4	2010
49	5	1821
49	6	1527
49	7	1712
49	8	1883
49	9	1275
49	10	1287
49	11	1601
49	12	1484
49	13	920
49	14	998
49	15	1142
49	16	1431
49	17	901
49	18	310
49	19	806
49	20	597
49	21	673
49	22	541
49	23	606
49	24	473
49	25	244
49	26	393
49	27	288
49	28	316
49	29	444
49	30	577
49	31	471
49	32	920
49	33	1136
49	34	1360
49	35	1107
49	36	1024
49	37	1421
49	38	1369
49	39	2018
49	40	2358
49	41	2708
49	42	2077
49	43	1675
49	44	1987
49	45	664
49	46	546
49	47	535
49	48	141
49	49	1000000
49	50	302
49	51	475
49	52	761
49	53	777
49	54	673
49	55	1750
49	56	1920
49	57	1533
49	58	1261
49	59	1069
49	60	1053
49	61	1119
49	62	1230
49	63	1078
49	64	1383
49	65	1542
49	66	1606
49	67	2073
49	68	1681
49	69	1223
49	70	1042
49	71	906
49	72	739
49	73	789
49	74	632
49	75	485
49	76	581
49	77	1490
49	78	1804
49	79	1116
49	1	1039
50	80	1699
50	2	1449
50	3	1518
50	4	2177
50	5	2000
50	6	1683
50	7	1953
50	8	2100
50	9	1200
50	10	1159
50	11	1533
50	12	1352
50	13	1116
50	14	1237
50	15	1410
50	16	1721
50	17	963
50	18	553
50	19	777
50	20	617
50	21	635
50	22	317
50	23	547
50	24	352
50	25	487
50	26	608
50	27	447
50	28	597
50	29	724
50	30	880
50	31	772
50	32	1222
50	33	1406
50	34	1619
50	35	1347
50	36	1081
50	37	1474
50	38	1449
50	39	2140
50	40	2364
50	41	2609
50	42	1816
50	43	1399
50	44	1684
50	45	462
50	46	260
50	47	232
50	48	269
50	49	302
50	50	1000000
50	51	197
50	52	995
50	53	954
50	54	862
50	55	1680
50	56	1895
50	57	1521
50	58	1292
50	59	1019
50	60	1060
50	61	1296
50	62	1459
50	63	1301
50	64	1656
50	65	1795
50	66	1896
50	67	2373
50	68	1982
50	69	1515
50	70	1336
50	71	1186
50	72	1021
50	73	1053
50	74	893
50	75	747
50	76	754
50	77	1433
50	78	2082
50	79	1169
50	1	1341
51	80	1643
51	2	1436
51	3	1536
51	4	2184
51	5	2018
51	6	1689
51	7	2022
51	8	2147
51	9	1069
51	10	1002
51	11	1400
51	12	1190
51	13	1165
51	14	1315
51	15	1512
51	16	1848
51	17	927
51	18	666
51	19	694
51	20	582
51	21	559
51	22	151
51	23	693
51	24	494
51	25	682
51	26	805
51	27	645
51	28	734
51	29	855
51	30	1040
51	31	931
51	32	1377
51	33	1599
51	34	1814
51	35	1545
51	36	1250
51	37	1638
51	38	1621
51	39	2321
51	40	2502
51	41	2687
51	42	1758
51	43	1325
51	44	1531
51	45	528
51	46	252
51	47	142
51	48	395
51	49	475
51	50	197
51	51	1000000
51	52	1077
51	53	995
51	54	916
51	55	1544
51	56	1781
51	57	1420
51	58	1222
51	59	908
51	60	983
51	61	1324
51	62	1524
51	63	1365
51	64	1761
51	65	1878
51	66	2023
51	67	2515
51	68	2134
51	69	1646
51	70	1473
51	71	1304
51	72	1146
51	73	1158
51	74	1001
51	75	941
51	76	951
51	77	1548
51	78	2190
51	79	1116
51	1	1511
52	80	1113
52	2	722
52	3	647
52	4	1285
52	5	1086
52	6	835
52	7	957
52	8	1122
52	9	1180
52	10	1317
52	11	1420
52	12	1485
52	13	221
52	14	241
52	15	449
52	16	834
52	17	602
52	18	452
52	19	788
52	20	643
52	21	767
52	22	1034
52	23	1350
52	24	1233
52	25	838
52	26	940
52	27	963
52	28	463
52	29	362
52	30	517
52	31	501
52	32	606
52	33	1199
52	34	1442
52	35	1320
52	36	1643
52	37	2009
52	38	1923
52	39	2448
52	40	2971
52	41	3426
52	42	2811
52	43	2391
52	44	2574
52	45	1421
52	46	1254
52	47	1197
52	48	727
52	49	761
52	50	995
52	51	1077
52	52	1000000
52	53	227
52	54	205
52	55	1552
52	56	1590
52	57	1220
52	58	901
52	59	975
52	60	823
52	61	426
52	62	469
52	63	318
52	64	696
52	65	802
52	66	999
52	67	1532
52	68	1209
52	69	664
52	70	548
52	71	321
52	72	274
52	73	161
52	74	170
52	75	858
52	76	1121
52	77	2193
52	78	1125
52	79	746
52	1	820
53	80	934
53	2	570
53	3	572
53	4	1234
53	5	1049
53	6	749
53	7	1037
53	8	1152
53	9	955
53	10	1099
53	11	1193
53	12	1263
53	13	171
53	14	374
53	15	629
53	16	1032
53	17	376
53	18	478
53	19	585
53	20	478
53	21	591
53	22	923
53	23	1384
53	24	1240
53	25	914
53	26	1038
53	27	1025
53	28	537
53	29	480
53	30	696
53	31	652
53	32	830
53	33	1404
53	34	1649
53	35	1507
53	36	1743
53	37	2124
53	38	2048
53	39	2610
53	40	3082
53	41	3483
53	42	2752
53	43	2320
53	44	2440
53	45	1406
53	46	1203
53	47	1128
53	48	704
53	49	777
53	50	954
53	51	995
53	52	227
53	53	1000000
53	54	107
53	55	1327
53	56	1376
53	57	1000
53	58	682
53	59	753
53	60	596
53	61	344
53	62	542
53	63	386
53	64	862
53	65	915
53	66	1188
53	67	1729
53	68	1424
53	69	876
53	70	772
53	71	545
53	72	494
53	73	388
53	74	349
53	75	991
53	76	1232
53	77	2258
53	78	1280
53	79	524
53	1	1043
54	80	1034
54	2	677
54	3	676
54	4	1337
54	5	1149
54	6	855
54	7	1107
54	8	1238
54	9	992
54	10	1118
54	11	1250
54	12	1291
54	13	254
54	14	412
54	15	647
54	16	1039
54	17	424
54	18	370
54	19	584
54	20	440
54	21	563
54	22	856
54	23	1279
54	24	1139
54	25	806
54	26	931
54	27	917
54	28	430
54	29	380
54	30	609
54	31	556
54	32	776
54	33	1325
54	34	1571
54	35	1417
54	36	1636
54	37	2017
54	38	1942
54	39	2510
54	40	2975
54	41	3377
54	42	2668
54	43	2240
54	44	2387
54	45	1309
54	46	1115
54	47	1045
54	48	606
54	49	673
54	50	862
54	51	916
54	52	205
54	53	107
54	54	1000000
54	55	1388
54	56	1456
54	57	1075
54	58	758
54	59	782
54	60	645
54	61	446
54	62	608
54	63	450
54	64	891
54	65	971
54	66	1202
54	67	1737
54	68	1413
54	69	868
54	70	745
54	71	521
54	72	439
54	73	355
54	74	276
54	75	888
54	76	1125
54	77	2151
54	78	1317
54	79	599
54	1	985
55	80	774
55	2	1045
55	3	1292
55	4	1558
55	5	1535
55	6	1263
55	7	1936
55	8	1845
55	9	480
55	10	571
55	11	149
55	12	448
55	13	1387
55	14	1612
55	15	1863
55	16	2261
55	17	964
55	18	1605
55	19	945
55	20	1160
55	21	1077
55	22	1392
55	23	2226
55	24	2028
55	25	1985
55	26	2135
55	27	2035
55	28	1712
55	29	1728
55	30	1982
55	31	1907
55	32	2157
55	33	2704
55	34	2950
55	35	2767
55	36	2751
55	37	3148
55	38	3110
55	39	3768
55	40	4042
55	41	4195
55	42	2933
55	43	2500
55	44	2191
55	45	2065
55	46	1783
55	47	1662
55	48	1611
55	49	1750
55	50	1680
55	51	1544
55	52	1552
55	53	1327
55	54	1388
55	55	1000000
55	56	333
55	57	370
55	58	664
55	59	681
55	60	748
55	61	1302
55	62	1620
55	63	1544
55	64	2032
55	65	1944
55	66	2381
55	67	2918
55	68	2687
55	69	2153
55	70	2084
55	71	1860
55	72	1821
55	73	1713
55	74	1664
55	75	2171
55	76	2331
55	77	3092
55	78	2359
55	79	809
55	1	2370
56	80	602
56	2	965
56	3	1197
56	4	1326
56	5	1340
56	6	1122
56	7	1798
56	8	1666
56	9	721
56	10	868
56	11	421
56	12	773
56	13	1396
56	14	1599
56	15	1831
56	16	2209
56	17	1056
56	18	1730
56	19	1124
56	20	1323
56	21	1266
56	22	1631
56	23	2441
56	24	2247
56	25	2142
56	26	2290
56	27	2208
56	28	1831
56	29	1823
56	30	2065
56	31	2004
56	32	2192
56	33	2780
56	34	3025
56	35	2870
56	36	2941
56	37	3339
56	38	3290
56	39	3922
56	40	4256
56	41	4459
56	42	3249
56	43	2812
56	44	2524
56	45	2308
56	46	2028
56	47	1909
56	48	1787
56	49	1920
56	50	1895
56	51	1781
56	52	1590
56	53	1376
56	54	1456
56	55	333
56	56	1000000
56	57	390
56	58	698
56	59	876
56	60	870
56	61	1266
56	62	1558
56	63	1513
56	64	1966
56	65	1840
56	66	2310
56	67	2830
56	68	2641
56	69	2130
56	70	2088
56	71	1874
56	72	1864
56	73	1744
56	74	1725
56	75	2302
56	76	2489
56	77	3324
56	78	2248
56	79	858
56	1	2407
57	80	441
57	2	675
57	3	922
57	4	1234
57	5	1188
57	6	900
57	7	1568
57	8	1489
57	9	414
57	10	617
57	11	295
57	12	611
57	13	1039
57	14	1257
57	15	1503
57	16	1897
57	17	667
57	18	1340
57	19	744
57	20	936
57	21	887
57	22	1273
57	23	2065
57	24	1874
57	25	1752
57	26	1900
57	27	1821
57	28	1441
57	29	1437
57	30	1682
57	31	1618
57	32	1826
57	33	2400
57	34	2646
57	35	2484
57	36	2555
57	37	2953
57	38	2902
57	39	3531
57	40	3876
57	41	4107
57	42	2977
57	43	2533
57	44	2334
57	45	1948
57	46	1671
57	47	1554
57	48	1400
57	49	1533
57	50	1521
57	51	1420
57	52	1220
57	53	1000
57	54	1075
57	55	370
57	56	390
57	57	1000000
57	58	319
57	59	512
57	60	480
57	61	938
57	62	1252
57	63	1183
57	64	1664
57	65	1574
57	66	2013
57	67	2548
57	68	2325
57	69	1797
57	70	1738
57	71	1517
57	72	1494
57	73	1378
57	74	1347
57	75	1911
57	76	2099
57	77	2954
57	78	1988
57	79	476
57	1	2041
58	80	429
58	2	435
58	3	674
58	4	1132
58	5	1036
58	6	707
58	7	1334
58	8	1300
58	9	446
58	10	664
58	11	548
58	12	747
58	13	724
58	14	947
58	15	1199
58	16	1599
58	17	366
58	18	1043
58	19	528
58	20	680
58	21	664
58	22	1086
58	23	1823
58	24	1640
58	25	1468
58	26	1613
58	27	1547
58	28	1139
58	29	1126
58	30	1367
58	31	1307
58	32	1507
58	33	2083
58	34	2329
58	35	2172
58	36	2286
58	37	2681
58	38	2624
58	39	3236
58	40	3618
58	41	3900
58	42	2880
58	43	2433
58	44	2333
58	45	1740
58	46	1474
58	47	1363
58	48	1136
58	49	1261
58	50	1292
58	51	1222
58	52	901
58	53	682
58	54	758
58	55	664
58	56	698
58	57	319
58	58	1000000
58	59	388
58	60	240
58	61	643
58	62	966
58	63	880
58	64	1375
58	65	1311
58	66	1725
58	67	2266
58	68	2023
58	69	1489
58	70	1423
58	71	1201
58	72	1175
58	73	1060
58	74	1029
58	75	1611
58	76	1813
58	77	2719
58	78	1725
58	79	160
58	1	1722
59	80	809
59	2	776
59	3	987
59	4	1512
59	5	1401
59	6	1061
59	7	1631
59	8	1640
59	9	218
59	10	350
59	11	532
59	12	509
59	13	870
59	14	1106
59	15	1368
59	16	1776
59	17	384
59	18	936
59	19	264
59	20	480
59	21	397
59	22	761
59	23	1566
59	24	1371
59	25	1303
59	26	1454
59	27	1354
59	28	1046
59	29	1077
59	30	1337
59	31	1252
59	32	1556
59	33	2054
59	34	2299
59	35	2100
59	36	2076
59	37	2474
59	38	2432
59	39	3086
59	40	3382
59	41	3595
59	42	2502
59	43	2055
59	44	1947
59	45	1436
59	46	1159
59	47	1041
59	48	930
59	49	1069
59	50	1019
59	51	908
59	52	975
59	53	753
59	54	782
59	55	681
59	56	876
59	57	512
59	58	388
59	59	1000000
59	60	199
59	61	880
59	62	1198
59	63	1075
59	64	1582
59	65	1571
59	66	1923
59	67	2468
59	68	2177
59	69	1629
59	70	1523
59	71	1297
59	72	1221
59	73	1134
59	74	1050
59	75	1495
59	76	1649
59	77	2448
59	78	1972
59	79	382
59	1	1760
60	80	668
60	2	581
60	3	787
60	4	1327
60	5	1208
60	6	866
60	7	1432
60	8	1441
60	9	364
60	10	542
60	11	606
60	12	680
60	13	693
60	14	929
60	15	1191
60	16	1599
60	17	221
60	18	866
60	19	288
60	20	458
60	21	427
60	22	846
60	23	1597
60	24	1410
60	25	1272
60	26	1420
60	27	1341
60	28	970
60	29	980
60	30	1233
60	31	1160
60	32	1421
60	33	1955
60	34	2202
60	35	2022
60	36	2076
60	37	2473
60	38	2422
60	39	3053
60	40	3401
60	41	3664
60	42	2646
60	43	2200
60	44	2131
60	45	1503
60	46	1235
60	47	1123
60	48	921
60	49	1053
60	50	1060
60	51	983
60	52	823
60	53	596
60	54	645
60	55	748
60	56	870
60	57	480
60	58	240
60	59	199
60	60	1000000
60	61	684
60	62	1005
60	63	889
60	64	1397
60	65	1376
60	66	1741
60	67	2286
60	68	2008
60	69	1462
60	70	1368
60	71	1142
60	72	1083
60	73	985
60	74	920
60	75	1437
60	76	1619
60	77	2491
60	78	1780
60	79	186
60	1	1630
61	80	724
61	2	319
61	3	230
61	4	890
61	5	705
61	6	414
61	7	762
61	8	830
61	9	1038
61	10	1226
61	11	1192
61	12	1355
61	13	210
61	14	339
61	15	566
61	16	958
61	17	518
61	18	814
61	19	804
61	20	770
61	21	858
61	22	1239
61	23	1725
61	24	1585
61	25	1240
61	26	1354
61	27	1357
61	28	859
61	29	777
61	30	941
61	31	927
61	32	962
61	33	1595
61	34	1831
61	35	1734
61	36	2060
61	37	2432
61	38	2348
61	39	2872
61	40	3393
61	41	3821
61	42	3083
61	43	2646
61	44	2719
61	45	1750
61	46	1542
61	47	1461
61	48	1048
61	49	1119
61	50	1296
61	51	1324
61	52	426
61	53	344
61	54	446
61	55	1302
61	56	1266
61	57	938
61	58	643
61	59	880
61	60	684
61	61	1000000
61	62	325
61	63	247
61	64	732
61	65	691
61	66	1082
61	67	1623
61	68	1386
61	69	864
61	70	830
61	71	630
61	72	671
61	73	538
61	74	597
61	75	1283
61	76	1541
61	77	2593
61	78	1097
61	79	528
61	1	1174
62	80	981
62	2	592
62	3	376
62	4	877
62	5	670
62	6	527
62	7	498
62	8	655
62	9	1362
62	10	1547
62	11	1514
62	12	1680
62	13	371
62	14	235
62	15	301
62	16	650
62	17	823
62	18	921
62	19	1094
62	20	1019
62	21	1125
62	22	1463
62	23	1815
62	24	1702
62	25	1292
62	26	1379
62	27	1421
62	28	927
62	29	814
62	30	891
62	31	915
62	32	795
62	33	1442
62	34	1663
62	35	1616
62	36	2068
62	37	2415
62	38	2318
62	39	2777
62	40	3373
62	41	3874
62	42	3273
62	43	2847
62	44	2981
62	45	1890
62	46	1716
62	47	1651
62	48	1193
62	49	1230
62	50	1459
62	51	1524
62	52	469
62	53	542
62	54	608
62	55	1620
62	56	1558
62	57	1252
62	58	966
62	59	1198
62	60	1005
62	61	325
62	62	1000000
62	63	158
62	64	412
62	65	380
62	66	761
62	67	1300
62	68	1082
62	69	593
62	70	615
62	71	479
62	72	596
62	73	480
62	74	612
62	75	1269
62	76	1545
62	77	2640
62	78	774
62	79	853
62	1	988
63	80	963
63	2	559
63	3	394
63	4	984
63	5	781
63	6	574
63	7	657
63	8	805
63	9	1251
63	10	1425
63	11	1429
63	12	1568
63	13	220
63	14	113
63	15	320
63	16	719
63	17	693
63	18	768
63	19	952
63	20	865
63	21	974
63	22	1305
63	23	1668
63	24	1551
63	25	1152
63	26	1247
63	27	1279
63	28	781
63	29	673
63	30	779
63	31	790
63	32	739
63	33	1383
63	34	1613
63	35	1539
63	36	1943
63	37	2299
63	38	2207
63	39	2692
63	40	3260
63	41	3739
63	42	3114
63	43	2688
63	44	2827
63	45	1736
63	46	1558
63	47	1493
63	48	1037
63	49	1078
63	50	1301
63	51	1365
63	52	318
63	53	386
63	54	450
63	55	1544
63	56	1513
63	57	1183
63	58	880
63	59	1075
63	60	889
63	61	247
63	62	158
63	63	1000000
63	64	508
63	65	529
63	66	853
63	67	1398
63	68	1143
63	69	616
63	70	590
63	71	407
63	72	487
63	73	360
63	74	472
63	75	1147
63	76	1419
63	77	2505
63	78	905
63	79	752
63	1	946
64	80	1380
64	2	1002
64	3	771
64	4	1102
64	5	907
64	6	890
64	7	458
64	8	730
64	9	1759
64	10	1933
64	11	1924
64	12	2076
64	13	715
64	14	487
64	15	249
64	16	252
64	17	1199
64	18	1103
64	19	1446
64	20	1331
64	21	1450
64	22	1728
64	23	1910
64	24	1835
64	25	1373
64	26	1419
64	27	1506
64	28	1067
64	29	939
64	30	896
64	31	965
64	32	651
64	33	1243
64	34	1431
64	35	1454
64	36	2050
64	37	2356
64	38	2244
64	39	2609
64	40	3292
64	41	3879
64	42	3461
64	43	3054
64	44	3269
64	45	2043
64	46	1915
64	47	1872
64	48	1387
64	49	1383
64	50	1656
64	51	1761
64	52	696
64	53	862
64	54	891
64	55	2032
64	56	1966
64	57	1664
64	58	1375
64	59	1582
64	60	1397
64	61	732
64	62	412
64	63	508
64	64	1000000
64	65	254
64	66	349
64	67	892
64	68	680
64	69	298
64	70	438
64	71	479
64	72	647
64	73	603
64	74	763
64	75	1270
64	76	1548
64	77	2656
64	78	430
64	79	1256
64	1	779
65	80	1241
65	2	899
65	3	652
65	4	862
65	5	677
65	6	726
65	7	206
65	8	476
65	9	1726
65	10	1918
65	11	1851
65	12	2043
65	13	748
65	14	563
65	15	415
65	16	475
65	17	1202
65	18	1244
65	19	1475
65	20	1394
65	21	1503
65	22	1827
65	23	2098
65	24	2007
65	25	1562
65	26	1624
65	27	1695
65	28	1227
65	29	1103
65	30	1104
65	31	1159
65	32	893
65	33	1496
65	34	1685
65	35	1705
65	36	2276
65	37	2593
65	38	2484
65	39	2862
65	40	3535
65	41	4103
65	42	3610
65	43	3192
65	44	3355
65	45	2206
65	46	2054
65	47	1999
65	48	1525
65	49	1542
65	50	1795
65	51	1878
65	52	802
65	53	915
65	54	971
65	55	1944
65	56	1840
65	57	1574
65	58	1311
65	59	1571
65	60	1376
65	61	691
65	62	380
65	63	529
65	64	254
65	65	1000000
65	66	501
65	67	990
65	68	870
65	69	552
65	70	680
65	71	669
65	72	830
65	73	753
65	74	909
65	75	1485
65	76	1765
65	77	2874
65	78	414
65	79	1214
65	1	1032
66	80	1718
66	2	1348
66	3	1113
66	4	1347
66	5	1172
66	6	1215
66	7	649
66	8	923
66	9	2105
66	10	2274
66	11	2274
66	12	2421
66	13	1052
66	14	818
66	15	559
66	16	175
66	17	1539
66	18	1356
66	19	1774
66	20	1642
66	21	1765
66	22	2008
66	23	2075
66	24	2030
66	25	1549
66	26	1564
66	27	1678
66	28	1299
66	29	1172
66	30	1059
66	31	1150
66	32	739
66	33	1191
66	34	1330
66	35	1426
66	36	2124
66	37	2387
66	38	2266
66	39	2537
66	40	3288
66	41	3943
66	42	3671
66	43	3280
66	44	3549
66	45	2245
66	46	2151
66	47	2122
66	48	1634
66	49	1606
66	50	1896
66	51	2023
66	52	999
66	53	1188
66	54	1202
66	55	2381
66	56	2310
66	57	2013
66	58	1725
66	59	1923
66	60	1741
66	61	1082
66	62	761
66	63	853
66	64	349
66	65	501
66	66	1000000
66	67	545
66	68	373
66	69	383
66	70	567
66	71	720
66	72	877
66	73	876
66	74	1027
66	75	1395
66	76	1658
66	77	2744
66	78	290
66	79	1604
66	1	774
67	80	2231
67	2	1877
67	3	1635
67	4	1751
67	5	1608
67	6	1716
67	7	1073
67	8	1307
67	9	2650
67	10	2819
67	11	2814
67	12	2966
67	13	1597
67	14	1363
67	15	1102
67	16	698
67	17	2084
67	18	1853
67	19	2314
67	20	2174
67	21	2299
67	22	2515
67	23	2473
67	24	2459
67	25	1976
67	26	1960
67	27	2097
67	28	1782
67	29	1660
67	30	1500
67	31	1603
67	32	1157
67	33	1387
67	34	1438
67	35	1628
67	36	2418
67	37	2615
67	38	2485
67	39	2610
67	40	3443
67	41	4183
67	42	4096
67	43	3725
67	44	4047
67	45	2678
67	46	2619
67	47	2604
67	48	2121
67	49	2073
67	50	2373
67	51	2515
67	52	1532
67	53	1729
67	54	1737
67	55	2918
67	56	2830
67	57	2548
67	58	2266
67	59	2468
67	60	2286
67	61	1623
67	62	1300
67	63	1398
67	64	892
67	65	990
67	66	545
67	67	1000000
67	68	413
67	69	879
67	70	1043
67	71	1234
67	72	1376
67	73	1398
67	74	1539
67	75	1780
67	76	2012
67	77	3036
67	78	601
67	79	2148
67	1	1100
68	80	2060
68	2	1675
68	3	1451
68	4	1720
68	5	1545
68	6	1569
68	7	1022
68	8	1295
68	9	2372
68	10	2523
68	11	2570
68	12	2684
68	13	1315
68	14	1081
68	15	824
68	16	432
68	17	1794
68	18	1480
68	19	1997
68	20	1838
68	21	1966
68	22	2145
68	23	2062
68	24	2053
68	25	1570
68	26	1549
68	27	1689
68	28	1400
68	29	1285
68	30	1104
68	31	1210
68	32	760
68	33	993
68	34	1076
68	35	1235
68	36	2010
68	37	2222
68	38	2094
68	39	2276
68	40	3077
68	41	3791
68	42	3686
68	43	3320
68	44	3664
68	45	2272
68	46	2224
68	47	2215
68	48	1738
68	49	1681
68	50	1982
68	51	2134
68	52	1209
68	53	1424
68	54	1413
68	55	2687
68	56	2641
68	57	2325
68	58	2023
68	59	2177
68	60	2008
68	61	1386
68	62	1082
68	63	1143
68	64	680
68	65	870
68	66	373
68	67	413
68	68	1000000
68	69	547
68	70	679
68	71	893
68	72	1015
68	73	1060
68	74	1187
68	75	1368
68	76	1599
68	77	2630
68	78	615
68	79	1890
68	1	687
69	80	1569
69	2	1170
69	3	969
69	4	1386
69	5	1186
69	6	1117
69	7	757
69	8	1028
69	9	1826
69	10	1976
69	11	2033
69	12	2137
69	13	772
69	14	541
69	15	299
69	16	208
69	17	1247
69	18	980
69	19	1452
69	20	1299
69	21	1426
69	22	1638
69	23	1697
69	24	1647
69	25	1168
69	26	1191
69	27	1299
69	28	917
69	29	792
69	30	678
69	31	767
69	32	378
69	33	944
69	34	1133
69	35	1157
69	36	1785
69	37	2075
69	38	1961
69	39	2311
69	40	3003
69	41	3613
69	42	3288
69	43	2896
69	44	3175
69	45	1862
69	46	1768
69	47	1742
69	48	1255
69	49	1223
69	50	1515
69	51	1646
69	52	664
69	53	876
69	54	868
69	55	2153
69	56	2130
69	57	1797
69	58	1489
69	59	1629
69	60	1462
69	61	864
69	62	593
69	63	616
69	64	298
69	65	552
69	66	383
69	67	879
69	68	547
69	69	1000000
69	70	185
69	71	355
69	72	500
69	73	520
69	74	660
69	75	1028
69	76	1298
69	77	2398
69	78	616
69	79	1350
69	1	482
70	80	1553
70	2	1148
70	3	975
70	4	1465
70	5	1260
70	6	1141
70	7	886
70	8	1144
70	9	1728
70	10	1864
70	11	1957
70	12	2033
70	13	698
70	14	491
70	15	320
70	16	394
70	17	1148
70	18	810
70	19	1327
70	20	1160
70	21	1289
70	22	1473
70	23	1512
70	24	1462
70	25	983
70	26	1007
70	27	1113
70	28	741
70	29	618
70	30	493
70	31	582
70	32	213
70	33	837
70	34	1050
70	35	1032
70	36	1615
70	37	1917
70	38	1806
70	39	2194
70	40	2855
70	41	3444
70	42	3103
70	43	2713
70	44	3004
70	45	1677
70	46	1588
70	47	1565
70	48	1080
70	49	1042
70	50	1336
70	51	1473
70	52	548
70	53	772
70	54	745
70	55	2084
70	56	2088
70	57	1738
70	58	1423
70	59	1523
70	60	1368
70	61	830
70	62	615
70	63	590
70	64	438
70	65	680
70	66	567
70	67	1043
70	68	679
70	69	185
70	70	1000000
70	71	227
70	72	336
70	73	390
70	74	508
70	75	847
70	76	1120
70	77	2224
70	78	798
70	79	1275
70	1	375
71	80	1355
71	2	950
71	3	802
71	4	1356
71	5	1149
71	6	980
71	7	863
71	8	1090
71	9	1501
71	10	1638
71	11	1731
71	12	1807
71	13	478
71	14	296
71	15	254
71	16	546
71	17	921
71	18	638
71	19	1105
71	20	946
71	21	1073
71	22	1288
71	23	1434
71	24	1356
71	25	897
71	26	954
71	27	1030
71	28	591
71	29	463
71	30	436
71	31	491
71	32	333
71	33	975
71	34	1206
71	35	1138
71	36	1616
71	37	1949
71	38	1848
71	39	2298
71	40	2903
71	41	3438
71	42	2984
71	43	2580
71	44	2829
71	45	1563
71	46	1443
71	47	1407
71	48	919
71	49	906
71	50	1186
71	51	1304
71	52	321
71	53	545
71	54	521
71	55	1860
71	56	1874
71	57	1517
71	58	1201
71	59	1297
71	60	1142
71	61	630
71	62	479
71	63	407
71	64	479
71	65	669
71	66	720
71	67	1234
71	68	893
71	69	355
71	70	227
71	71	1000000
71	72	167
71	73	167
71	74	307
71	75	819
71	76	1100
71	77	2207
71	78	898
71	79	1051
71	1	543
72	80	1380
72	2	982
72	3	872
72	4	1468
72	5	1262
72	6	1057
72	7	1019
72	8	1233
72	9	1432
72	10	1552
72	11	1686
72	12	1729
72	13	483
72	14	375
72	15	416
72	16	701
72	17	861
72	18	480
72	19	1008
72	20	830
72	21	959
72	22	1139
72	23	1269
72	24	1188
72	25	733
72	26	797
72	27	865
72	28	425
72	29	297
72	30	295
72	31	330
72	32	337
72	33	929
72	34	1170
72	35	1063
72	36	1474
72	37	1819
72	38	1723
72	39	2207
72	40	2777
72	41	3289
72	42	2816
72	43	2414
72	44	2675
72	45	1395
72	46	1278
72	47	1246
72	48	758
72	49	739
72	50	1021
72	51	1146
72	52	274
72	53	494
72	54	439
72	55	1821
72	56	1864
72	57	1494
72	58	1175
72	59	1221
72	60	1083
72	61	671
72	62	596
72	63	487
72	64	647
72	65	830
72	66	877
72	67	1376
72	68	1015
72	69	500
72	70	336
72	71	167
72	72	1000000
72	73	133
72	74	176
72	75	674
72	76	953
72	77	2056
72	78	1065
72	79	1018
72	1	548
73	80	1250
73	2	850
73	3	739
73	4	1344
73	5	1140
73	6	925
73	7	931
73	8	1130
73	9	1341
73	10	1473
73	11	1581
73	12	1644
73	13	354
73	14	250
73	15	356
73	16	705
73	17	763
73	18	499
73	19	938
73	20	779
73	21	906
73	22	1134
73	23	1349
73	24	1253
73	25	818
73	26	899
73	27	949
73	28	473
73	29	349
73	30	418
73	31	434
73	32	448
73	33	1059
73	34	1299
73	35	1196
73	36	1587
73	37	1940
73	38	1846
73	39	2339
73	40	2900
73	41	3394
73	42	2864
73	43	2452
73	44	2676
73	45	1453
73	46	1313
73	47	1268
73	48	784
73	49	789
73	50	1053
73	51	1158
73	52	161
73	53	388
73	54	355
73	55	1713
73	56	1744
73	57	1378
73	58	1060
73	59	1134
73	60	985
73	61	538
73	62	480
73	63	360
73	64	603
73	65	753
73	66	876
73	67	1398
73	68	1060
73	69	520
73	70	390
73	71	167
73	72	133
73	73	1000000
73	74	159
73	75	789
73	76	1064
73	77	2159
73	78	1032
73	79	906
73	1	663
74	80	1271
74	2	887
74	3	818
74	4	1451
74	5	1250
74	6	1005
74	7	1082
74	8	1267
74	9	1264
74	10	1378
74	11	1526
74	12	1557
74	13	389
74	14	377
74	15	516
74	16	853
74	17	700
74	18	340
74	19	833
74	20	654
74	21	783
74	22	981
74	23	1203
74	24	1099
74	25	680
74	26	775
74	27	808
74	28	319
74	29	202
74	30	352
74	31	330
74	32	505
74	33	1055
74	34	1300
74	35	1161
74	36	1475
74	37	1839
74	38	1753
74	39	2281
74	40	2801
74	41	3266
74	42	2705
74	43	2292
74	44	2522
74	45	1297
74	46	1153
74	47	1109
74	48	624
74	49	632
74	50	893
74	51	1001
74	52	170
74	53	349
74	54	276
74	55	1664
74	56	1725
74	57	1347
74	58	1029
74	59	1050
74	60	920
74	61	597
74	62	612
74	63	472
74	64	763
74	65	909
74	66	1027
74	67	1539
74	68	1187
74	69	660
74	70	508
74	71	307
74	72	176
74	73	159
74	74	1000000
74	75	687
74	76	952
74	77	2032
74	78	1191
74	79	870
74	1	710
75	80	1922
75	2	1559
75	3	1505
75	4	2132
75	5	1929
75	6	1693
75	7	1683
75	8	1907
75	9	1711
75	10	1749
75	11	2023
75	12	1945
75	13	1073
75	14	1040
75	15	1072
75	16	1230
75	17	1247
75	18	571
75	19	1233
75	20	1015
75	21	1116
75	22	1024
75	23	693
75	24	700
75	25	260
75	26	182
75	27	340
75	28	472
75	29	511
75	30	383
75	31	358
75	32	655
75	33	659
75	34	875
75	35	623
75	36	799
75	37	1152
75	38	1065
75	39	1626
75	40	2114
75	41	2618
75	42	2318
75	43	1963
75	44	2389
75	45	917
75	46	932
75	47	965
75	48	616
75	49	485
75	50	747
75	51	941
75	52	858
75	53	991
75	54	888
75	55	2171
75	56	2302
75	57	1911
75	58	1611
75	59	1495
75	60	1437
75	61	1283
75	62	1269
75	63	1147
75	64	1270
75	65	1485
75	66	1395
75	67	1780
75	68	1368
75	69	1028
75	70	847
75	71	819
75	72	674
75	73	789
75	74	687
75	75	1000000
75	76	280
75	77	1388
75	78	1644
75	79	1454
75	1	682
76	80	2150
76	2	1803
76	3	1767
76	4	2403
76	5	2201
76	6	1954
76	7	1963
76	8	2186
76	9	1857
76	10	1865
76	11	2181
76	12	2062
76	13	1330
76	14	1314
76	15	1352
76	16	1497
76	17	1447
76	18	775
76	19	1385
76	20	1172
76	21	1254
76	22	1066
76	23	495
76	24	575
76	25	347
76	26	199
76	27	312
76	28	696
76	29	763
76	30	663
76	31	630
76	32	921
76	33	756
76	34	922
76	35	627
76	36	523
76	37	892
76	38	817
76	39	1437
76	40	1852
76	41	2338
76	42	2111
76	43	1785
76	44	2282
76	45	770
76	46	867
76	47	933
76	48	722
76	49	581
76	50	754
76	51	951
76	52	1121
76	53	1232
76	54	1125
76	55	2331
76	56	2489
76	57	2099
76	58	1813
76	59	1649
76	60	1619
76	61	1541
76	62	1545
76	63	1419
76	64	1548
76	65	1765
76	66	1658
76	67	2012
76	68	1599
76	69	1298
76	70	1120
76	71	1100
76	72	953
76	73	1064
76	74	952
76	75	280
76	76	1000000
76	77	1108
76	78	1914
76	79	1660
76	1	914
77	80	3112
77	2	2815
77	3	2823
77	4	3476
77	5	3279
77	6	3006
77	7	3071
77	8	3288
77	9	2617
77	10	2540
77	11	2948
77	12	2719
77	13	2385
77	14	2405
77	15	2460
77	16	2590
77	17	2374
77	18	1780
77	19	2210
77	20	2039
77	21	2068
77	22	1699
77	23	896
77	24	1080
77	25	1355
77	26	1260
77	27	1235
77	28	1735
77	29	1832
77	30	1770
77	31	1726
77	32	2020
77	33	1656
77	34	1682
77	35	1425
77	36	621
77	37	530
77	38	650
77	39	1210
77	40	982
77	41	1234
77	42	1478
77	43	1380
77	44	2119
77	45	1029
77	46	1310
77	47	1431
77	48	1595
77	49	1490
77	50	1433
77	51	1548
77	52	2193
77	53	2258
77	54	2151
77	55	3092
77	56	3324
77	57	2954
77	58	2719
77	59	2448
77	60	2491
77	61	2593
77	62	2640
77	63	2505
77	64	2656
77	65	2874
77	66	2744
77	67	3036
77	68	2630
77	69	2398
77	70	2224
77	71	2207
77	72	2056
77	73	2159
77	74	2032
77	75	1388
77	76	1108
77	77	1000000
77	78	3011
77	79	2587
77	1	1975
78	80	1645
78	2	1313
78	3	1066
78	4	1156
78	5	1007
78	6	1126
78	7	472
78	8	714
78	9	2135
78	10	2321
78	11	2265
78	12	2452
78	13	1123
78	14	907
78	15	679
78	16	420
78	17	1596
78	18	1530
78	19	1857
78	20	1754
78	21	1871
78	22	2158
78	23	2309
78	24	2247
78	25	1775
78	26	1806
78	27	1907
78	28	1489
78	29	1361
78	30	1288
78	31	1368
78	32	992
78	33	1480
78	34	1620
78	35	1713
78	36	2394
78	37	2668
78	38	2548
78	39	2827
78	40	3575
78	41	4218
78	42	3881
78	43	3478
78	44	3699
78	45	2458
78	46	2341
78	47	2300
78	48	1814
78	49	1804
78	50	2082
78	51	2190
78	52	1125
78	53	1280
78	54	1317
78	55	2359
78	56	2248
78	57	1988
78	58	1725
78	59	1972
78	60	1780
78	61	1097
78	62	774
78	63	905
78	64	430
78	65	414
78	66	290
78	67	601
78	68	615
78	69	616
78	70	798
78	71	898
78	72	1065
78	73	1032
78	74	1191
78	75	1644
78	76	1914
78	77	3011
78	78	1000000
78	79	1624
78	1	1054
79	80	530
79	2	395
79	3	607
79	4	1144
79	5	1022
79	6	680
79	7	1258
79	8	1257
79	9	512
79	10	711
79	11	683
79	12	828
79	13	579
79	14	809
79	15	1066
79	16	1471
79	17	215
79	18	887
79	19	436
79	20	551
79	21	559
79	22	988
79	23	1690
79	24	1512
79	25	1317
79	26	1460
79	27	1400
79	28	982
79	29	966
79	30	1207
79	31	1147
79	32	1352
79	33	1924
79	34	2170
79	35	2012
79	36	2139
79	37	2534
79	38	2473
79	39	3080
79	40	3475
79	41	3778
79	42	2813
79	43	2366
79	44	2316
79	45	1624
79	46	1365
79	47	1258
79	48	996
79	49	1116
79	50	1169
79	51	1116
79	52	746
79	53	524
79	54	599
79	55	809
79	56	858
79	57	476
79	58	160
79	59	382
79	60	186
79	61	528
79	62	853
79	63	752
79	64	1256
79	65	1214
79	66	1604
79	67	2148
79	68	1890
79	69	1350
79	70	1275
79	71	1051
79	72	1018
79	73	906
79	74	870
79	75	1454
79	76	1660
79	77	2587
79	78	1624
79	79	1000000
79	1	1566
1	80	1898
1	2	1494
1	3	1339
1	4	1840
1	5	1635
1	6	1510
1	7	1237
1	8	1505
1	9	1974
1	10	2081
1	11	2234
1	12	2264
1	13	1013
1	14	839
1	15	695
1	16	637
1	17	1409
1	18	905
1	19	1533
1	20	1337
1	21	1464
1	22	1548
1	23	1374
1	24	1373
1	25	897
1	26	864
1	27	1009
1	28	804
1	29	716
1	30	476
1	31	585
1	32	215
1	33	465
1	34	675
1	35	675
1	36	1354
1	37	1614
1	38	1494
1	39	1830
1	40	2528
1	41	3169
1	42	3000
1	43	2641
1	44	3024
1	45	1592
1	46	1567
1	47	1573
1	48	1122
1	49	1039
1	50	1341
1	51	1511
1	52	820
1	53	1043
1	54	985
1	55	2370
1	56	2407
1	57	2041
1	58	1722
1	59	1760
1	60	1630
1	61	1174
1	62	988
1	63	946
1	64	779
1	65	1032
1	66	774
1	67	1100
1	68	687
1	69	482
1	70	375
1	71	543
1	72	548
1	73	663
1	74	710
1	75	682
1	76	914
1	77	1975
1	78	1054
1	79	1566
1	1	1000000
;
end;
